1	936
1	1093
1	1415
2	360
2	444
2	561
2	882
2	1218
3	562
3	982
3	1178
3	1381
3	1396
4	85
4	846
5	394
5	778
6	352
6	519
6	523
6	559
6	700
6	714
6	729
6	834
6	884
6	973
6	1039
6	1187
6	1216
6	1272
6	1282
6	1287
7	110
7	493
7	615
7	629
7	630
7	635
7	657
7	805
7	815
7	948
7	1395
8	103
8	179
8	516
8	544
8	746
8	849
8	1089
8	1390
9	543
10	18
10	742
10	837
10	976
10	1030
10	1159
11	37
11	77
11	261
11	263
11	264
11	294
11	345
11	349
11	378
11	407
11	409
11	515
11	540
11	596
11	619
11	627
11	637
11	797
11	835
11	887
11	916
11	918
11	921
11	963
11	987
11	1066
11	1068
11	1156
11	1202
11	1236
11	1268
11	1296
11	1303
11	1319
12	1230
13	382
13	390
13	903
13	970
13	1203
14	1160
15	58
15	78
15	574
15	745
15	1335
15	1376
16	444
16	631
17	58
17	78
17	207
17	246
17	250
17	342
17	343
17	344
17	376
17	627
17	794
17	918
17	927
17	950
17	991
17	1125
17	1191
17	1293
18	550
18	837
18	976
18	1115
18	1159
18	1367
19	58
19	78
19	93
19	109
19	207
19	252
19	279
19	341
19	342
19	379
19	463
19	637
19	675
19	794
19	816
19	857
19	918
19	927
19	987
19	1133
19	1177
19	1373
19	1376
20	77
20	263
20	310
20	364
20	379
20	925
21	139
21	1221
22	271
22	800
22	964
22	1050
23	905
23	1097
24	42
24	108
24	142
24	179
24	765
24	868
24	969
24	974
24	1025
24	1091
24	1408
24	1412
25	1233
26	474
26	775
27	109
27	207
27	236
27	827
27	918
27	927
27	991
28	733
28	885
29	31
29	62
29	111
29	282
29	335
29	564
29	825
29	873
30	182
31	62
31	111
31	282
31	335
31	564
31	825
31	873
32	109
32	149
32	206
32	250
32	273
32	342
32	387
32	497
32	745
32	857
32	881
32	949
32	1006
32	1256
32	1261
32	1276
32	1280
33	107
33	169
33	979
33	1231
33	1301
34	334
34	539
34	686
35	123
35	693
35	1397
36	907
36	1312
37	44
37	77
37	159
37	261
37	263
37	264
37	272
37	294
37	310
37	311
37	349
37	364
37	378
37	380
37	399
37	407
37	409
37	515
37	596
37	619
37	627
37	637
37	797
37	887
37	916
37	918
37	921
37	987
37	1066
37	1068
37	1121
37	1138
37	1156
37	1199
37	1202
37	1236
37	1261
37	1268
37	1296
37	1297
37	1303
37	1324
38	209
38	424
38	972
39	597
39	909
39	997
39	1046
39	1083
39	1234
39	1331
39	1378
40	1153
41	1387
42	108
42	142
42	179
42	651
42	746
42	765
42	868
42	969
42	1025
42	1062
42	1091
42	1141
42	1408
42	1412
43	1233
44	409
44	1236
45	736
45	908
45	1233
46	81
46	317
46	633
46	1032
47	85
48	510
48	866
49	580
49	756
49	801
49	1071
50	532
50	758
51	1310
52	592
52	1328
53	344
53	373
53	450
54	105
54	516
54	864
54	1001
55	873
55	898
56	690
56	831
56	962
56	1350
57	169
57	936
57	1415
58	78
58	82
58	93
58	162
58	202
58	206
58	207
58	214
58	246
58	250
58	252
58	257
58	258
58	273
58	275
58	279
58	293
58	324
58	342
58	343
58	344
58	374
58	379
58	383
58	415
58	497
58	501
58	549
58	561
58	574
58	595
58	627
58	675
58	738
58	745
58	794
58	818
58	851
58	857
58	901
58	918
58	927
58	949
58	986
58	991
58	998
58	1006
58	1038
58	1107
58	1133
58	1191
58	1263
58	1266
58	1271
58	1293
58	1316
58	1335
58	1373
58	1376
58	1400
59	691
60	215
61	915
62	111
62	825
62	898
62	1402
63	563
63	612
64	650
64	652
64	666
64	1155
65	175
65	695
65	761
65	1028
66	721
67	498
67	1145
67	1338
67	1366
68	1066
69	172
70	421
70	902
71	1042
72	99
73	509
73	590
73	674
73	1000
73	1043
73	1279
74	1381
75	78
75	118
75	162
75	258
75	291
75	506
75	818
75	829
75	857
75	1168
75	1376
76	301
76	789
77	261
77	263
77	272
77	310
77	349
77	364
77	378
77	407
77	409
77	627
77	887
77	916
77	918
77	921
77	925
77	980
77	987
77	1010
77	1066
77	1121
77	1236
77	1261
77	1268
77	1303
78	82
78	93
78	118
78	125
78	162
78	163
78	207
78	246
78	250
78	258
78	273
78	279
78	291
78	320
78	342
78	344
78	402
78	441
78	497
78	501
78	506
78	508
78	561
78	574
78	627
78	675
78	745
78	794
78	829
78	857
78	918
78	927
78	938
78	950
78	991
78	1061
78	1064
78	1133
78	1149
78	1154
78	1168
78	1191
78	1264
78	1280
78	1283
78	1293
78	1335
78	1371
78	1373
78	1376
78	1400
79	820
80	469
80	731
80	732
80	748
82	97
82	202
82	206
82	265
82	311
82	374
82	383
82	388
82	413
82	851
82	887
82	918
82	991
82	1196
82	1335
82	1384
83	723
83	726
83	728
83	740
83	990
83	1033
83	1052
83	1240
84	132
84	668
85	233
85	303
85	832
85	924
85	1060
86	143
86	556
86	560
86	649
86	711
86	1051
87	664
88	345
88	365
88	385
88	524
88	835
88	896
88	968
88	1179
89	745
89	1212
90	462
90	868
91	187
92	472
92	774
92	809
92	817
92	844
93	121
93	252
93	279
93	675
93	794
93	857
93	1133
93	1376
94	221
94	251
94	297
94	319
94	322
94	385
94	409
94	414
94	418
94	429
94	835
94	896
94	940
94	1066
94	1180
94	1319
95	164
95	286
95	521
96	263
96	272
96	349
96	409
96	596
96	627
96	816
98	148
98	313
98	314
98	325
98	338
98	489
98	862
98	898
98	915
98	1379
98	1385
99	699
99	819
100	381
101	1031
101	1252
101	1278
102	784
102	1294
103	179
103	516
103	544
103	746
103	849
103	1089
103	1390
104	672
104	942
104	1155
104	1413
105	235
105	516
105	668
105	864
105	1001
106	281
106	353
107	129
107	494
107	676
107	1231
107	1301
108	142
108	179
108	746
108	765
108	868
108	969
108	1025
108	1091
108	1408
108	1412
109	207
109	236
109	341
109	463
109	497
109	675
109	745
109	851
109	918
109	927
109	949
109	991
110	493
110	635
110	815
111	825
112	248
112	708
112	709
112	751
112	926
113	1326
114	142
114	969
115	184
115	866
115	1096
116	266
116	753
116	856
117	562
117	640
117	785
117	930
117	982
117	988
117	1023
117	1085
117	1330
117	1377
117	1381
117	1407
118	162
118	258
118	273
118	279
118	291
118	506
118	561
118	675
118	767
118	829
118	899
118	938
118	1006
118	1133
118	1191
118	1376
118	1400
119	286
120	1081
121	980
121	1161
121	1245
122	1259
123	594
123	639
123	693
123	727
123	944
123	984
123	1353
123	1397
124	1201
124	1403
125	273
125	829
125	1010
125	1280
125	1283
125	1371
126	329
126	898
126	915
126	1017
127	474
127	555
127	617
127	1016
128	312
128	534
128	538
128	919
129	453
129	494
129	495
129	676
129	1231
129	1320
130	157
130	542
130	667
130	1032
130	1040
131	725
133	1257
133	1333
134	234
134	1022
134	1165
135	628
136	545
136	687
137	616
138	211
138	608
138	654
138	663
138	760
138	823
138	870
138	1105
139	804
139	1221
139	1363
140	470
140	620
140	874
140	965
140	1118
140	1231
141	773
141	1228
141	1368
142	179
142	765
142	868
142	969
142	1025
142	1084
142	1091
142	1408
142	1412
143	217
143	243
143	556
143	557
143	560
143	1057
144	1313
145	669
145	724
146	879
147	376
147	506
147	508
147	950
147	1006
147	1061
147	1280
147	1283
147	1335
147	1341
149	202
149	851
149	1261
150	474
150	806
150	1260
151	500
151	614
151	1027
151	1128
152	205
152	1215
153	229
153	898
153	951
154	304
155	490
155	573
155	678
155	739
155	802
155	876
155	947
155	1018
155	1164
155	1386
156	286
156	1054
156	1152
157	164
157	542
157	667
157	999
157	1040
158	160
158	1080
158	1131
158	1275
159	264
159	294
159	399
159	409
159	987
159	1202
159	1303
161	511
161	810
161	844
162	250
162	258
162	273
162	279
162	291
162	300
162	320
162	366
162	379
162	402
162	441
162	497
162	501
162	506
162	508
162	549
162	561
162	675
162	767
162	829
162	857
162	899
162	904
162	1006
162	1010
162	1122
162	1133
162	1154
162	1161
162	1168
162	1169
162	1191
162	1283
162	1316
162	1335
162	1341
162	1373
162	1376
162	1400
163	202
163	344
163	402
163	637
163	794
163	918
163	1149
163	1191
163	1373
163	1400
164	521
164	999
165	313
165	862
165	898
165	915
166	1037
166	1152
167	306
167	1042
168	208
168	1113
168	1137
168	1225
168	1317
169	979
169	1415
170	858
170	1292
171	764
171	821
172	222
172	1020
173	913
174	477
175	695
175	761
175	1028
176	696
176	706
176	798
177	226
178	191
179	516
179	544
179	746
179	765
179	849
179	868
179	969
179	1025
179	1089
179	1091
179	1390
179	1408
179	1412
180	822
180	1100
181	862
181	915
183	318
183	367
183	529
183	792
183	1124
183	1302
183	1329
183	1383
184	866
184	1096
185	888
185	945
185	1411
186	805
188	1233
189	530
189	712
190	298
190	384
190	632
190	1191
190	1196
190	1373
190	1400
192	537
193	342
193	349
194	910
194	1359
195	941
195	1178
195	1416
196	936
197	198
197	907
197	1312
198	768
198	771
198	907
198	1312
199	776
200	499
200	721
200	1002
201	421
202	206
202	207
202	236
202	273
202	311
202	344
202	374
202	383
202	413
202	497
202	745
202	851
202	918
202	991
202	1335
202	1384
202	1400
203	476
203	680
203	683
203	685
203	1094
204	741
205	279
205	384
205	501
205	985
205	1107
205	1133
205	1215
205	1400
206	207
206	250
206	258
206	273
206	279
206	291
206	311
206	320
206	342
206	374
206	379
206	383
206	384
206	387
206	413
206	497
206	619
206	738
206	745
206	851
206	857
206	881
206	918
206	949
206	950
206	978
206	991
206	1038
206	1061
206	1133
206	1149
206	1168
206	1205
206	1215
206	1256
206	1261
206	1283
206	1335
206	1373
206	1376
206	1384
207	236
207	246
207	250
207	258
207	291
207	311
207	324
207	341
207	342
207	344
207	361
207	441
207	463
207	497
207	627
207	745
207	794
207	851
207	918
207	927
207	933
207	949
207	978
207	991
207	1161
207	1293
207	1335
207	1384
207	1400
208	1113
208	1137
208	1225
208	1317
209	424
209	972
210	412
210	591
210	671
210	897
210	1092
210	1143
210	1207
210	1299
210	1375
211	608
211	654
211	823
211	1105
212	503
212	512
212	1082
212	1269
213	1393
214	275
214	342
214	344
214	904
214	991
214	1107
214	1293
214	1400
215	241
215	660
215	1188
216	862
216	891
217	971
218	1101
219	566
219	571
219	653
220	1106
221	416
223	487
223	795
223	833
223	1197
224	249
225	719
226	576
227	702
227	1340
228	916
229	898
230	646
230	656
230	1098
231	458
231	475
232	1170
232	1180
232	1398
234	270
234	465
234	480
234	603
234	769
234	790
234	807
234	1022
234	1049
234	1065
234	1146
234	1165
234	1239
234	1326
234	1406
234	1409
236	448
236	918
236	927
236	991
237	542
237	883
238	579
238	1355
239	302
239	1305
240	880
240	947
241	1048
242	688
242	690
242	698
243	505
244	1232
244	1359
245	516
245	931
245	1405
246	250
246	258
246	342
246	344
246	376
246	627
246	794
246	918
246	927
246	950
246	991
246	1125
246	1161
246	1293
246	1335
247	1024
247	1249
248	708
248	709
248	751
249	346
250	252
250	258
250	273
250	311
250	324
250	342
250	343
250	344
250	361
250	383
250	387
250	441
250	497
250	549
250	619
250	627
250	738
250	745
250	794
250	851
250	857
250	881
250	918
250	927
250	949
250	985
250	986
250	991
250	1038
250	1256
250	1266
250	1293
250	1335
250	1373
250	1400
251	279
251	319
251	322
251	409
251	429
251	628
251	835
251	896
251	918
251	940
251	1066
251	1133
251	1180
251	1319
252	257
252	258
252	273
252	343
252	379
252	497
252	851
252	857
252	949
252	985
252	991
252	1169
252	1191
252	1373
252	1400
253	878
254	836
255	562
255	930
256	551
257	258
257	273
257	343
257	497
257	991
257	1191
258	273
258	279
258	291
258	293
258	320
258	342
258	343
258	374
258	379
258	383
258	415
258	497
258	501
258	561
258	738
258	818
258	827
258	857
258	901
258	918
258	938
258	949
258	950
258	986
258	991
258	998
258	1038
258	1061
258	1122
258	1133
258	1154
258	1161
258	1168
258	1191
258	1205
258	1263
258	1266
258	1280
258	1283
258	1293
258	1335
258	1371
258	1376
258	1400
259	260
259	308
259	353
259	398
259	847
259	1222
260	308
260	353
260	398
260	814
260	847
260	863
260	1222
260	1309
261	263
261	264
261	272
261	294
261	364
261	378
261	407
261	409
261	428
261	515
261	627
261	637
261	851
261	916
261	918
261	921
261	987
261	1068
261	1121
261	1236
261	1303
261	1324
262	288
263	272
263	294
263	310
263	324
263	349
263	364
263	378
263	399
263	409
263	596
263	619
263	627
263	816
263	916
263	921
263	925
263	987
263	1121
263	1177
263	1202
263	1236
263	1303
263	1306
264	272
264	294
264	311
264	349
264	378
264	399
264	407
264	409
264	515
264	596
264	619
264	637
264	797
264	887
264	916
264	921
264	987
264	1068
264	1121
264	1156
264	1202
264	1236
264	1261
264	1303
265	388
265	1133
265	1196
265	1218
267	554
267	893
267	1097
268	280
268	577
268	844
268	1117
269	1167
270	465
270	474
270	480
270	481
270	787
270	877
270	953
270	1295
270	1360
270	1409
271	822
271	964
272	294
272	310
272	311
272	349
272	364
272	378
272	407
272	409
272	596
272	619
272	627
272	637
272	816
272	887
272	916
272	921
272	1068
272	1121
272	1199
272	1236
272	1261
272	1303
273	279
273	291
273	320
273	324
273	342
273	343
273	344
273	387
273	454
273	497
273	561
273	738
273	745
273	851
273	857
273	881
273	938
273	949
273	986
273	991
273	998
273	1010
273	1038
273	1122
273	1133
273	1154
273	1191
273	1256
273	1280
273	1283
273	1332
273	1335
273	1376
273	1384
273	1400
274	281
274	353
274	398
274	419
274	842
274	975
274	1248
274	1254
274	1309
275	344
275	991
275	1107
275	1400
276	291
276	860
276	1218
277	782
277	900
278	488
279	285
279	291
279	320
279	360
279	361
279	376
279	379
279	384
279	388
279	402
279	441
279	501
279	506
279	508
279	561
279	604
279	627
279	675
279	738
279	794
279	818
279	850
279	857
279	904
279	927
279	933
279	938
279	950
279	985
279	998
279	1061
279	1107
279	1133
279	1148
279	1168
279	1191
279	1196
279	1205
279	1335
279	1341
279	1371
279	1373
279	1376
279	1400
280	577
280	645
280	788
280	852
280	1240
281	353
281	398
281	419
281	842
281	975
281	1079
281	1248
281	1254
281	1309
282	335
282	564
282	825
282	873
283	828
284	364
285	738
285	860
285	1133
285	1218
286	598
287	1102
288	859
289	621
290	459
290	587
290	720
290	749
290	762
290	793
290	808
290	855
290	923
290	1172
290	1214
290	1235
291	311
291	342
291	402
291	441
291	501
291	561
291	767
291	818
291	829
291	857
291	899
291	938
291	978
291	1006
291	1133
291	1168
291	1169
291	1191
291	1218
291	1245
291	1267
291	1283
291	1293
291	1373
291	1376
291	1384
291	1400
292	895
293	374
293	497
293	501
293	545
293	918
293	1122
293	1133
293	1263
294	310
294	349
294	364
294	378
294	380
294	399
294	407
294	409
294	515
294	596
294	619
294	797
294	851
294	887
294	916
294	921
294	987
294	1068
294	1121
294	1156
294	1202
294	1236
294	1261
294	1303
295	316
295	1181
296	445
296	551
297	319
297	322
297	385
297	409
297	414
297	418
297	429
297	534
297	1066
297	1180
298	384
299	1013
300	366
300	496
301	789
302	303
302	1067
302	1204
303	924
303	1067
305	1175
306	1042
307	568
307	662
307	704
307	783
308	353
308	398
308	743
308	847
308	1222
309	365
309	385
309	409
309	429
309	605
309	993
309	1066
309	1072
309	1198
309	1274
309	1391
310	364
310	378
310	380
310	399
310	409
310	619
310	925
310	1068
310	1121
310	1177
310	1202
310	1236
310	1261
310	1303
310	1306
311	342
311	344
311	374
311	383
311	413
311	497
311	515
311	619
311	637
311	851
311	918
311	978
311	991
311	1154
311	1261
311	1335
311	1384
312	364
312	513
312	534
312	536
312	538
312	957
312	1047
312	1078
313	644
313	737
313	862
313	898
313	915
314	316
314	325
314	338
314	489
314	862
314	898
314	915
314	1090
314	1379
315	653
316	1181
317	633
318	792
318	1302
318	1329
318	1383
319	322
319	375
319	409
319	418
319	429
319	534
319	835
319	869
319	896
319	940
319	1066
319	1180
319	1319
320	342
320	361
320	376
320	388
320	402
320	406
320	442
320	497
320	506
320	547
320	794
320	857
320	901
320	950
320	967
320	1061
320	1122
320	1133
320	1154
320	1168
320	1196
320	1205
320	1267
320	1283
320	1376
321	530
321	569
321	1311
322	375
322	409
322	418
322	429
322	534
322	835
322	869
322	896
322	940
322	1066
322	1180
322	1276
322	1319
323	636
324	342
324	361
324	441
324	454
324	501
324	949
324	998
324	1271
324	1332
324	1400
325	898
325	915
325	1379
326	1058
327	330
327	826
327	1333
328	1349
330	332
330	356
330	410
330	966
330	1333
330	1337
331	478
331	1189
332	356
332	1337
333	479
333	1110
333	1226
333	1286
334	539
335	564
335	825
335	873
336	1035
337	585
337	922
337	1095
338	489
338	862
338	898
338	915
338	1090
338	1164
339	541
339	1140
340	1075
340	1123
340	1246
341	463
341	918
341	927
341	1169
342	344
342	361
342	379
342	383
342	384
342	387
342	420
342	441
342	463
342	497
342	595
342	627
342	637
342	738
342	745
342	776
342	794
342	816
342	827
342	857
342	881
342	904
342	918
342	927
342	949
342	978
342	987
342	991
342	1006
342	1038
342	1161
342	1177
342	1215
342	1256
342	1261
342	1283
342	1293
342	1335
342	1384
342	1400
343	344
343	383
343	497
343	949
343	991
343	1191
343	1266
343	1335
343	1400
344	373
344	374
344	450
344	451
344	454
344	497
344	627
344	794
344	818
344	918
344	927
344	991
344	1053
344	1107
344	1168
344	1191
344	1293
344	1384
344	1400
345	365
345	385
345	399
345	429
345	524
345	540
345	622
345	697
345	780
345	796
345	799
345	835
345	896
345	921
345	963
345	968
345	1012
345	1066
345	1072
345	1179
345	1319
347	485
347	1351
348	1250
349	378
349	407
349	409
349	515
349	596
349	619
349	627
349	797
349	816
349	887
349	916
349	987
349	1068
349	1138
349	1156
349	1199
349	1202
349	1236
349	1297
350	959
351	705
351	710
351	715
351	1183
351	1309
351	1382
352	714
352	884
352	914
352	973
352	1039
352	1272
352	1287
353	398
353	419
353	842
353	847
353	1222
353	1248
353	1254
353	1309
354	1244
355	449
355	552
355	609
355	1014
356	358
356	1337
357	389
357	1361
357	1364
359	433
360	361
360	406
360	441
360	508
360	547
360	561
360	624
360	857
360	882
360	998
360	1161
360	1218
360	1256
361	402
361	406
361	441
361	442
361	508
361	547
361	624
361	857
361	998
361	1133
361	1154
361	1168
361	1256
361	1267
361	1400
362	436
362	994
362	1288
363	385
363	752
363	759
364	409
364	538
364	619
364	637
364	918
364	925
364	1121
364	1324
365	385
365	429
365	455
365	524
365	540
365	605
365	679
365	796
365	799
365	835
365	840
365	896
365	968
365	1012
365	1072
365	1179
365	1198
365	1319
365	1391
366	778
366	1121
366	1316
366	1384
367	529
367	1117
367	1124
367	1329
368	391
368	1007
368	1278
369	544
369	1186
369	1405
370	1278
371	522
371	526
371	531
371	532
371	1120
371	1223
371	1224
371	1251
372	456
373	450
373	949
374	383
374	413
374	497
374	501
374	851
374	906
374	918
374	991
374	1191
374	1263
374	1335
374	1384
375	409
375	912
376	402
376	506
376	508
376	794
376	857
376	950
376	967
376	1006
376	1061
376	1133
376	1191
376	1280
376	1283
376	1335
376	1341
376	1376
377	670
378	380
378	399
378	407
378	409
378	417
378	428
378	515
378	596
378	619
378	627
378	637
378	797
378	887
378	916
378	918
378	921
378	987
378	1068
378	1121
378	1156
378	1177
378	1199
378	1202
378	1236
378	1261
378	1296
378	1303
378	1306
379	447
379	857
379	904
379	1006
379	1133
379	1283
379	1373
379	1376
380	399
380	409
380	1068
380	1202
380	1261
380	1303
381	1168
382	390
382	589
382	836
382	903
382	970
382	1203
383	413
383	452
383	497
383	619
383	851
383	918
383	949
383	991
383	1149
383	1261
383	1266
383	1335
383	1384
383	1400
384	406
384	501
384	604
384	850
384	985
384	1107
384	1133
384	1148
384	1168
384	1215
384	1400
385	409
385	414
385	429
385	524
385	605
385	697
385	759
385	835
385	896
385	934
385	968
385	1066
385	1072
385	1177
385	1179
385	1180
385	1198
385	1391
386	484
386	1304
386	1311
387	497
387	508
387	745
387	818
387	857
387	881
387	949
387	980
387	1193
387	1256
388	402
388	857
388	1133
388	1196
388	1218
388	1267
388	1335
389	836
389	1364
390	836
390	903
390	970
390	1203
391	1007
392	611
392	1187
392	1220
392	1249
392	1287
392	1308
393	601
394	778
395	848
396	983
396	1045
396	1077
397	816
398	842
398	847
398	1222
398	1248
398	1254
398	1309
399	409
399	963
399	987
399	1068
399	1072
399	1121
399	1177
399	1202
399	1261
399	1303
399	1306
400	439
400	836
400	1171
401	1345
402	406
402	441
402	442
402	501
402	506
402	508
402	547
402	561
402	745
402	794
402	857
402	950
402	1133
402	1149
402	1154
402	1168
402	1169
402	1191
402	1196
402	1267
402	1280
402	1283
402	1373
402	1376
402	1400
403	411
404	535
404	994
404	1059
405	513
405	780
405	887
405	957
406	442
406	506
406	547
406	777
406	1133
406	1154
406	1168
406	1267
407	409
407	429
407	515
407	596
407	619
407	637
407	797
407	835
407	851
407	887
407	916
407	918
407	921
407	980
407	987
407	1010
407	1068
407	1072
407	1121
407	1156
407	1202
407	1236
407	1261
407	1296
408	958
409	414
409	428
409	429
409	515
409	596
409	619
409	627
409	637
409	697
409	797
409	816
409	835
409	851
409	869
409	887
409	896
409	916
409	918
409	921
409	934
409	940
409	980
409	987
409	1010
409	1066
409	1068
409	1072
409	1121
409	1138
409	1156
409	1177
409	1180
409	1198
409	1199
409	1202
409	1236
409	1261
409	1297
409	1303
409	1306
409	1319
412	671
412	1092
412	1143
413	851
413	918
413	991
413	1335
413	1384
414	429
414	524
414	799
414	989
414	1066
414	1180
415	818
415	901
415	998
415	1133
415	1191
415	1335
415	1400
418	534
418	1066
419	975
419	1079
419	1254
420	431
420	561
420	857
421	665
421	902
422	434
422	483
422	802
423	811
423	1127
423	1289
424	972
425	841
426	593
426	631
426	867
427	631
427	1034
427	1139
428	515
428	627
428	987
428	1068
428	1236
429	524
429	540
429	622
429	697
429	780
429	799
429	835
429	896
429	934
429	940
429	1012
429	1066
429	1072
429	1177
429	1180
429	1198
429	1319
430	524
430	799
430	989
430	1177
430	1206
430	1319
432	525
432	638
432	1277
433	1019
434	483
434	802
435	1241
436	1288
436	1410
437	779
438	464
440	448
441	508
441	561
441	781
441	794
441	998
441	1133
441	1142
441	1168
441	1256
441	1373
441	1400
442	547
442	1133
442	1154
442	1168
442	1267
443	1012
444	561
444	767
446	957
447	904
449	609
449	1414
450	1335
451	501
452	991
452	1191
452	1293
452	1332
453	494
453	495
453	1231
453	1320
454	497
454	998
454	1332
454	1384
455	840
455	1319
457	460
459	720
459	913
459	923
461	720
461	810
461	844
463	745
463	918
463	927
463	1400
465	467
465	480
466	473
466	475
466	1144
466	1344
468	479
469	748
470	620
470	965
471	626
471	1323
472	809
472	817
472	844
473	475
473	1144
473	1344
474	511
474	555
474	617
474	695
474	775
474	786
474	806
474	843
474	907
474	1016
474	1065
474	1260
474	1360
476	685
478	1189
481	511
481	1409
482	853
483	802
484	1278
486	865
487	795
487	1197
489	862
489	898
489	915
490	678
490	739
490	802
490	947
490	1018
490	1164
490	1386
491	1129
491	1358
492	848
493	815
494	495
494	676
494	1231
494	1320
495	1231
495	1320
497	545
497	549
497	738
497	745
497	851
497	857
497	881
497	949
497	986
497	991
497	1038
497	1191
497	1256
497	1283
497	1335
497	1373
497	1376
497	1384
497	1400
498	1145
498	1338
498	1366
499	721
499	929
499	1002
499	1233
500	614
500	954
500	1027
500	1128
501	777
501	850
501	857
501	949
501	985
501	1107
501	1133
501	1168
501	1169
501	1196
501	1263
501	1271
501	1283
501	1376
501	1400
502	600
502	1063
504	521
504	667
504	1032
506	508
506	547
506	777
506	829
506	857
506	950
506	1006
506	1061
506	1133
506	1280
506	1283
506	1316
506	1335
506	1341
506	1376
507	1380
508	619
508	818
508	857
508	928
508	950
508	980
508	998
508	1006
508	1061
508	1154
508	1191
508	1193
508	1280
508	1283
508	1335
508	1341
509	674
511	695
511	786
511	843
511	1360
512	527
513	887
513	957
513	1078
514	1359
515	596
515	619
515	627
515	797
515	887
515	916
515	987
515	1068
515	1156
515	1202
515	1236
515	1303
516	544
516	668
516	746
516	849
516	864
516	1001
516	1089
516	1390
516	1405
517	1087
518	828
519	834
520	1150
521	667
521	1032
522	526
522	531
522	532
522	1120
523	559
523	714
523	1342
524	540
524	799
524	835
524	896
524	968
524	989
524	1012
524	1177
524	1179
524	1319
525	638
525	1250
525	1277
526	531
526	532
526	1120
528	1088
529	1117
529	1124
529	1329
530	569
530	712
530	1311
531	532
531	1120
531	1223
531	1224
531	1251
532	1120
533	1004
533	1123
533	1153
533	1270
534	538
534	1066
538	957
540	799
540	835
540	963
540	1012
540	1066
541	1140
541	1278
542	667
543	722
544	746
544	765
544	849
544	1089
544	1390
545	687
546	561
546	1005
546	1072
547	777
547	1133
547	1154
547	1168
547	1267
548	592
548	1328
549	986
549	1335
549	1373
550	976
550	1063
550	1115
553	1103
554	621
554	861
554	893
554	905
554	1097
555	617
555	1016
556	560
558	983
559	700
559	1039
559	1272
559	1287
559	1342
561	767
561	794
561	829
561	857
561	882
561	899
561	938
561	1006
561	1072
561	1133
561	1191
561	1218
561	1335
561	1371
561	1400
562	785
562	982
562	988
562	1023
562	1051
562	1085
562	1178
562	1381
563	612
564	825
564	873
565	1270
566	571
567	1069
569	1311
570	575
572	1369
574	745
574	1335
574	1376
575	946
578	634
578	1327
580	677
580	756
580	801
581	935
582	1076
583	1026
583	1110
583	1349
584	1176
585	1095
586	772
587	720
587	749
588	1300
588	1343
589	836
590	1000
591	1086
591	1207
592	1328
593	631
594	944
595	1335
596	619
596	627
596	797
596	816
596	887
596	916
596	987
596	1068
596	1156
596	1202
596	1236
596	1261
597	909
597	997
597	1046
597	1083
597	1234
597	1331
597	1378
598	1032
599	1237
602	1093
603	855
604	850
604	882
604	933
604	1148
604	1168
604	1341
605	1072
605	1198
605	1391
606	1111
606	1209
607	1023
607	1051
607	1209
608	1105
610	1182
611	700
611	884
611	1039
611	1187
611	1208
611	1220
611	1249
611	1282
611	1287
611	1308
613	1178
614	1027
614	1128
617	1016
618	1211
619	797
619	887
619	916
619	987
619	1068
619	1121
619	1156
619	1202
619	1236
619	1245
619	1261
619	1303
620	874
620	965
621	669
621	861
621	905
621	1056
621	1097
622	697
622	780
622	1072
623	1213
624	998
625	1143
627	794
627	816
627	887
627	904
627	916
627	918
627	921
627	927
627	987
627	991
627	1066
627	1068
627	1121
627	1202
627	1236
627	1268
627	1293
627	1303
627	1373
631	867
631	1034
634	1298
634	1399
637	816
637	918
637	921
637	987
637	1068
637	1121
637	1177
637	1261
637	1303
637	1324
638	1277
640	1377
640	1381
641	642
643	996
644	737
645	788
646	656
646	1098
647	1112
648	674
648	879
649	1051
653	1174
653	1253
654	823
654	1087
654	1327
655	955
655	1128
655	1230
656	1098
657	1395
658	1314
659	754
659	1300
659	1343
660	1188
661	977
661	1365
661	1374
662	1401
663	760
666	1155
667	1032
667	1040
670	673
670	1374
671	1092
671	1143
671	1255
672	942
672	1155
672	1413
674	879
675	794
675	857
675	1133
675	1191
675	1316
675	1341
675	1376
675	1400
677	801
678	739
678	802
678	1164
678	1386
679	835
679	1198
680	1094
681	981
681	1334
682	1094
684	939
686	1021
687	1241
689	854
689	871
689	1036
690	698
690	831
690	1350
692	937
693	1397
694	1229
694	1370
695	761
695	845
695	1028
695	1360
697	780
697	835
697	896
697	934
697	1072
697	1177
697	1198
698	1011
700	1039
700	1216
700	1220
700	1249
700	1272
700	1282
700	1287
701	747
701	1036
701	1273
702	1340
703	770
705	715
705	1158
705	1382
705	1388
706	798
707	1318
708	709
708	751
709	751
710	715
710	1183
710	1394
711	830
713	1210
714	884
714	1039
714	1216
714	1272
715	1394
716	889
717	961
717	1099
717	1173
717	1184
717	1185
718	1184
718	1214
719	1102
720	749
720	810
720	923
720	961
721	1002
723	726
723	728
723	1033
725	1262
725	1282
726	728
726	990
726	1033
727	984
727	1353
728	740
728	990
728	1033
730	746
730	1233
733	885
734	795
734	885
734	1067
735	1011
738	1038
739	802
739	1164
739	1386
741	743
742	837
742	976
742	1030
742	1115
742	1159
744	757
744	821
744	936
744	1114
744	1194
745	794
745	857
745	881
745	949
745	1133
745	1256
745	1335
745	1376
745	1400
746	849
746	1089
746	1141
746	1390
746	1412
747	1036
747	1273
750	886
754	1300
754	1343
755	1247
756	801
757	936
757	1194
760	870
761	1028
762	1172
763	813
763	845
764	1362
764	1415
765	868
765	969
765	1025
765	1091
765	1408
765	1412
766	913
766	953
767	829
767	899
767	1006
767	1267
768	771
768	907
769	1146
769	1326
771	907
772	1343
772	1365
776	1256
777	850
777	857
777	950
778	1384
779	912
780	1072
782	900
784	1294
785	982
785	988
785	1085
785	1381
787	877
790	1065
790	1326
791	836
792	1329
794	829
794	857
794	918
794	927
794	950
794	967
794	991
794	1133
794	1149
794	1168
794	1191
794	1256
794	1293
794	1371
794	1373
794	1376
794	1400
795	1067
795	1197
796	835
796	1072
796	1319
797	887
797	916
797	919
797	987
797	1068
797	1156
797	1202
797	1236
799	835
799	989
799	1012
799	1177
799	1319
801	960
801	1300
801	1365
801	1389
802	1164
802	1386
803	1027
806	1260
807	1119
809	817
809	844
810	844
811	1289
812	844
813	845
814	863
816	987
816	1177
817	844
818	851
818	857
818	901
818	980
818	998
818	1053
818	1133
818	1168
818	1191
818	1193
818	1335
818	1400
821	1114
822	1100
823	1105
823	1348
824	894
825	873
827	918
827	1038
827	1293
828	875
829	899
829	1006
829	1168
829	1371
829	1376
831	1350
832	992
835	896
835	934
835	940
835	963
835	968
835	1012
835	1066
835	1072
835	1177
835	1179
835	1180
835	1198
835	1319
836	1171
837	976
837	1030
837	1063
837	1159
838	1226
839	1102
840	1319
842	1248
842	1254
842	1309
844	953
844	1295
847	1222
849	1089
849	1390
850	1148
850	1168
851	918
851	921
851	949
851	985
851	986
851	987
851	991
851	1068
851	1121
851	1335
851	1376
851	1384
851	1400
853	1290
854	871
854	1044
854	1162
855	1172
857	881
857	949
857	950
857	980
857	998
857	1061
857	1133
857	1154
857	1168
857	1169
857	1193
857	1196
857	1205
857	1256
857	1283
857	1332
857	1335
857	1371
857	1373
857	1376
857	1400
858	1130
858	1292
860	1196
860	1218
861	905
861	956
861	1097
862	891
862	898
862	915
864	1001
866	1096
868	969
868	1025
868	1091
868	1408
868	1412
870	1327
870	1355
872	1242
873	898
874	965
874	1118
877	1265
880	947
881	949
881	1256
882	968
882	1218
882	1341
884	917
884	973
884	1039
884	1126
884	1249
884	1272
884	1282
884	1287
884	1346
887	916
887	957
887	987
887	1066
887	1068
887	1156
887	1199
887	1202
887	1236
887	1268
887	1303
890	973
890	1187
890	1220
890	1282
890	1287
892	1336
896	934
896	940
896	968
896	1066
896	1177
896	1179
896	1180
896	1198
896	1319
897	1143
897	1299
897	1375
898	915
898	1090
898	1379
898	1402
899	1006
899	1267
900	911
900	912
901	998
901	1133
901	1191
901	1335
901	1400
903	970
903	1203
904	1293
905	956
905	1097
906	1191
907	943
907	1015
907	1200
907	1312
908	1233
909	997
909	1046
909	1083
909	1234
909	1331
909	1378
910	1359
911	912
914	973
914	1287
915	1090
915	1379
916	921
916	987
916	1068
916	1121
916	1156
916	1202
916	1236
916	1303
917	973
917	1039
917	1126
917	1220
917	1249
917	1287
917	1346
918	921
918	927
918	980
918	991
918	1010
918	1038
918	1122
918	1133
918	1151
918	1236
918	1261
918	1293
918	1296
918	1324
918	1335
918	1384
920	995
921	987
921	1068
921	1121
921	1236
921	1296
921	1303
922	1003
922	1083
922	1095
922	1322
923	1352
927	991
927	1293
927	1373
927	1400
929	1233
930	982
930	1023
930	1330
930	1377
930	1381
930	1407
931	1405
932	1157
933	1191
933	1341
933	1371
934	1177
934	1198
936	1194
936	1415
938	1133
938	1191
938	1400
939	1050
940	1066
940	1180
940	1319
941	1109
941	1178
942	1155
942	1413
943	1015
944	984
945	1411
947	1018
947	1163
949	985
949	1256
949	1266
949	1271
949	1335
949	1400
950	967
950	1006
950	1061
950	1133
950	1168
950	1191
950	1205
950	1280
950	1283
950	1335
950	1341
950	1371
950	1376
950	1400
952	990
954	1096
955	1128
960	1365
961	1099
961	1173
961	1184
961	1185
963	1066
963	1072
965	1118
965	1231
966	1333
967	1133
968	993
968	1072
968	1179
969	1025
969	1091
969	1408
969	1412
970	1203
973	1039
973	1126
973	1166
973	1187
973	1208
973	1216
973	1220
973	1249
973	1282
973	1287
973	1346
974	1091
975	1254
976	1115
976	1159
977	1300
977	1365
977	1374
977	1389
978	1384
980	1010
980	1193
980	1236
980	1245
980	1261
981	1128
981	1159
981	1195
981	1259
982	988
982	1051
982	1085
982	1178
982	1330
982	1381
982	1396
983	1077
984	1353
985	986
985	1107
985	1133
985	1371
985	1400
986	1168
986	1371
986	1376
987	1068
987	1121
987	1138
987	1156
987	1177
987	1199
987	1202
987	1236
987	1297
987	1303
988	1051
988	1085
988	1381
988	1396
988	1407
989	1177
989	1319
990	1033
990	1052
990	1240
991	1107
991	1191
991	1293
991	1335
991	1384
991	1400
993	1072
994	1059
994	1339
997	1046
997	1083
997	1234
997	1331
997	1378
998	1133
998	1191
998	1256
998	1332
998	1335
998	1400
1003	1083
1003	1095
1003	1322
1004	1270
1006	1061
1006	1261
1006	1276
1006	1280
1006	1283
1006	1335
1006	1341
1008	1285
1009	1281
1010	1236
1010	1261
1010	1280
1010	1373
1012	1072
1022	1049
1022	1146
1022	1165
1023	1051
1023	1085
1023	1178
1023	1209
1023	1381
1024	1249
1025	1091
1025	1408
1025	1412
1026	1110
1026	1349
1027	1128
1029	1219
1030	1115
1030	1159
1031	1252
1031	1278
1034	1139
1036	1273
1037	1152
1038	1293
1039	1126
1039	1208
1039	1216
1039	1220
1039	1249
1039	1272
1039	1282
1039	1287
1039	1346
1041	1086
1041	1227
1043	1279
1044	1162
1046	1083
1046	1234
1046	1331
1046	1378
1049	1146
1051	1209
1051	1381
1052	1240
1054	1152
1055	1392
1059	1105
1059	1399
1061	1133
1061	1154
1061	1168
1061	1205
1061	1280
1061	1283
1061	1335
1061	1341
1061	1371
1061	1400
1063	1195
1064	1243
1065	1146
1066	1180
1066	1268
1066	1319
1068	1121
1068	1138
1068	1156
1068	1199
1068	1202
1068	1236
1068	1261
1068	1297
1068	1303
1069	1070
1072	1177
1072	1198
1072	1319
1072	1391
1073	1356
1074	1088
1075	1123
1075	1153
1075	1246
1079	1104
1081	1217
1081	1307
1081	1404
1083	1095
1083	1234
1083	1322
1083	1331
1083	1378
1084	1325
1085	1330
1085	1381
1086	1227
1089	1390
1091	1408
1091	1412
1092	1143
1095	1322
1099	1173
1099	1184
1099	1185
1102	1136
1104	1277
1105	1399
1107	1108
1107	1133
1107	1400
1109	1190
1110	1349
1111	1209
1113	1137
1113	1225
1113	1317
1115	1159
1116	1258
1121	1177
1121	1236
1121	1303
1121	1306
1121	1384
1122	1133
1122	1154
1123	1153
1123	1246
1124	1329
1126	1249
1126	1346
1129	1358
1130	1292
1132	1192
1133	1154
1133	1168
1133	1191
1133	1196
1133	1205
1133	1218
1133	1243
1133	1267
1133	1283
1133	1335
1133	1373
1133	1376
1133	1384
1133	1400
1134	1164
1135	1380
1137	1225
1137	1317
1138	1199
1138	1297
1141	1412
1143	1299
1143	1375
1144	1344
1145	1238
1145	1338
1145	1366
1146	1326
1147	1356
1148	1168
1149	1191
1149	1261
1149	1373
1151	1384
1153	1270
1154	1168
1154	1169
1154	1267
1154	1280
1154	1283
1154	1371
1154	1400
1155	1413
1156	1202
1156	1236
1158	1370
1158	1388
1158	1394
1161	1335
1164	1386
1166	1220
1166	1282
1168	1205
1168	1256
1168	1267
1168	1280
1168	1283
1168	1371
1168	1373
1168	1376
1168	1400
1169	1280
1169	1283
1169	1376
1169	1400
1170	1180
1170	1398
1173	1184
1173	1185
1177	1198
1177	1306
1177	1319
1178	1381
1180	1319
1180	1398
1183	1225
1183	1229
1184	1185
1184	1214
1187	1216
1187	1220
1187	1249
1187	1282
1187	1287
1187	1308
1191	1196
1191	1256
1191	1293
1191	1335
1191	1371
1191	1373
1191	1400
1196	1218
1196	1335
1196	1373
1196	1400
1198	1391
1199	1297
1201	1403
1202	1236
1202	1261
1202	1303
1208	1220
1208	1282
1214	1235
1216	1282
1217	1307
1217	1404
1220	1249
1220	1282
1220	1287
1220	1308
1223	1224
1223	1251
1224	1251
1225	1229
1225	1317
1225	1388
1228	1368
1229	1370
1231	1301
1231	1320
1234	1331
1234	1378
1236	1261
1236	1303
1237	1321
1238	1291
1243	1332
1243	1384
1248	1254
1248	1309
1249	1282
1249	1287
1249	1308
1249	1346
1252	1278
1254	1309
1257	1333
1261	1276
1261	1280
1261	1303
1261	1332
1266	1335
1266	1400
1267	1293
1271	1400
1272	1287
1276	1280
1280	1283
1280	1335
1280	1341
1280	1371
1280	1400
1282	1287
1283	1335
1283	1341
1283	1376
1283	1400
1284	1409
1287	1308
1295	1409
1298	1399
1299	1375
1300	1343
1302	1329
1302	1383
1307	1404
1315	1357
1316	1341
1316	1400
1329	1383
1330	1381
1331	1378
1335	1341
1335	1371
1335	1373
1335	1376
1335	1384
1335	1400
1338	1366
1347	1359
1354	1372
1365	1374
1365	1389
1371	1400
1373	1400
1376	1400
1377	1381
1377	1407
1381	1396
1408	1412