4707	11754
4707	9654
4707	9428
4707	9235
4707	9132
4707	7092
4707	5905
4707	5813
115	4707
4263	9428
3868	9428
3396	9428
426	9428
2258	9132
1768	9132
801	9132
426	10126
426	9258
426	7609
426	6087
426	3868
3868	6087
3485	3599
801	11116
801	10800
801	7336
801	7250
801	7237
801	7232
801	7220
801	7034
3651	6171
1267	11116
2258	6139
4589	12773
4589	12424
4589	9704
4589	8886
4589	5013
3396	9427
3396	9338
3396	8389
4955	12392
4955	8965
4955	7555
3651	10310
3651	9994
3651	9842
3651	6194
3651	6137
3651	4978
3202	10414
3202	4821
3202	3599
3202	3485
4821	10414
4888	8385
3599	8965
3599	4955
4955	5013
3599	5013
4978	10310
4980	12983
4980	10964
856	12847
856	12596
856	11036
856	5760
625	13064
625	12841
625	11343
625	10891
625	10587
625	10467
625	8507
625	8333
625	8261
625	7494
625	6580
625	5718
625	1604
4270	12659
4270	12285
4270	8252
4270	7270
4270	6672
4270	6653
4270	10587
3387	8089
4270	7387
1249	12841
423	12296
423	11784
423	9834
423	5937
423	2210
423	1315
2210	12756
2210	12296
2210	11784
2210	11301
2210	9834
2210	8661
2210	5937
733	2210
1249	13064
2366	9756
2366	5176
1249	12929
1249	12919
1249	12248
1249	11218
1249	9816
1249	9724
1249	9226
1249	8427
1249	7515
1249	7449
1249	7387
1249	7297
1249	6670
1249	6556
1604	12479
1604	12204
1604	11840
1604	11442
1604	11036
1604	7494
1604	5720
1604	5718
1604	5034
1267	13222
1267	9566
1267	7424
1315	12296
1315	11784
1315	9834
1315	7494
1315	5937
1315	5718
1315	2210
1315	1604
625	1315
2366	11784
1768	11784
1604	11784
1249	8507
1768	7034
1768	13074
1768	10844
1768	9756
1768	5973
1768	5176
1768	2366
3406	13225
3406	13130
3406	12961
3406	12906
3406	12880
3406	12626
3406	12584
3406	12263
3406	12224
3406	12133
3406	12119
3406	12013
3406	11508
3406	11454
3406	11441
3406	11435
3406	11221
3406	11101
3406	11087
3406	11080
3406	10993
3406	10936
3406	10753
3406	10423
3406	10010
3406	9951
3406	9844
3406	9835
3406	9586
3406	9558
3406	9507
3406	9487
3406	9461
3406	9449
3406	9366
3406	9340
3406	9337
3406	8950
3406	8918
3406	8717
3406	8655
3406	8462
3406	8383
3406	8117
3406	8070
3406	7482
3406	7143
3406	7067
3406	7053
3406	6939
3406	6446
3406	5854
3406	5812
3406	5780
3406	5145
3406	5015
3406	4963
3406	4703
3406	4584
3406	4498
3406	4378
3406	4371
3406	4358
3406	4283
3406	4272
3406	4265
3406	4154
3406	4017
3406	4015
3406	3805
3406	3624
3406	3560
3389	3406
3170	3406
3114	3406
2677	3406
2633	3406
2632	3406
2590	3406
2472	3406
2144	3406
2114	3406
1867	3406
1486	3406
1121	3406
971	3406
965	3406
758	3406
264	3406
162	3406
3805	10010
3114	10010
2114	10010
1867	10010
1486	10010
1360	10010
965	10010
408	10010
4832	11515
441	12497
441	12330
441	12272
441	12263
441	12178
441	12019
441	11986
441	11817
441	11498
441	11479
441	11118
441	10979
441	10936
441	10872
441	10451
441	10444
441	10367
441	9857
441	9461
441	9449
441	9434
441	8467
441	7143
441	7067
441	7050
441	7031
441	6806
441	5940
441	4886
441	4826
441	4594
441	4584
441	4492
441	4284
441	4272
441	4155
441	4044
441	3765
441	3762
441	3632
441	3406
441	3388
441	3231
441	3230
441	3200
441	3104
441	2069
441	969
441	561
3388	6806
1132	6806
1132	9488
4492	9739
4364	9761
4186	9761
4025	9761
1102	9761
4699	8117
4498	8117
4371	8117
4017	8117
4015	8117
4013	8117
3805	8117
3389	8117
3078	8117
2634	8117
2633	8117
2590	8117
2114	8117
1360	8117
1109	8117
639	8117
408	8117
264	12961
264	12906
264	12584
264	11331
264	11142
264	9768
264	9487
264	8950
264	8621
264	8462
264	8117
264	7482
264	6446
264	5145
264	4349
264	4283
264	4015
264	4013
264	3170
264	3114
264	3029
264	2634
264	1360
264	1121
264	971
264	758
4450	11823
4450	8384
4450	6085
3658	11823
3658	10072
3658	9428
3658	8385
3658	8384
3658	7092
3658	6085
3658	4450
3658	4185
3658	3766
2744	9654
2744	9235
2744	5905
2744	4707
2744	4580
1122	2744
2634	13130
2634	13036
2634	12906
2634	12224
2634	11966
2634	11435
2634	11331
2634	11221
2634	11142
2634	10253
2634	10010
2634	9881
2634	9835
2634	9833
2634	9768
2634	9585
2634	9507
2634	9487
2634	8919
2634	8703
2634	8621
2634	8382
2634	5854
2634	5741
2634	5145
2634	4963
2634	4498
2634	4349
2634	4283
2634	4154
2634	4017
2634	4015
2634	4013
2634	3838
2634	3765
2634	3624
2634	3170
2634	3078
2634	3029
2634	2887
2633	2634
2590	2634
2114	2634
1360	2634
345	2634
4726	12133
4699	12133
4616	12133
1867	12133
1591	12133
965	12133
4185	12497
4185	11823
4185	10872
4185	9480
4185	9449
4185	8384
4185	7143
4185	7031
4185	6085
4185	4594
4185	4450
3762	4185
3632	4185
3527	4185
3388	4185
3230	4185
3200	4185
969	4185
441	4185
274	4185
3766	11823
3766	10564
3766	10310
3766	9654
3766	8977
3766	8384
3766	6085
3766	6076
3766	6068
3766	5905
3766	4978
3766	4450
3766	4185
3651	3766
1601	3766
4013	9487
2887	9487
2590	9487
2144	9487
1360	9487
345	9487
4824	5940
4349	5940
4283	5940
3765	5940
3389	5940
3170	5940
3078	5940
2633	5940
758	5940
3659	5722
3659	4190
1591	10055
4963	7092
4154	7092
4015	7092
3838	7092
3388	7092
3078	7092
2634	7092
2114	7092
1720	7092
1603	7092
971	7092
4190	8384
4980	9654
4978	9654
3651	9654
115	9654
3230	12347
3230	12330
3230	11817
3230	11498
3230	11331
3230	10872
3230	9857
3230	9488
3230	9480
3230	9461
3230	9434
3230	8621
3230	7067
3230	7050
3230	7031
3230	6806
3230	4594
3230	4492
3230	4272
3230	4044
3230	3838
3230	3762
3230	3632
3230	3388
1132	3230
274	3230
3389	10253
2633	10253
1043	10253
4699	9881
4349	9881
4262	9881
3765	9881
3393	9881
3389	9881
3148	9881
3114	9881
2887	9881
2677	9881
2633	9881
2590	9881
2114	9881
1360	9881
1019	9881
345	9881
4699	13036
3231	12330
3231	11986
3231	11817
3231	11498
3231	11118
3231	10872
3231	10451
3231	9857
3231	9760
3231	9461
3231	9434
3231	8467
3231	7143
3231	7092
3231	7031
3231	6806
3231	5940
3231	4594
3231	4584
3231	4492
3231	4272
3231	4044
3231	3765
3231	3632
3231	3388
2069	3231
4886	13203
4886	12178
4886	8388
4723	6068
45	11823
45	9654
45	9235
45	8384
45	6085
45	5905
45	4707
45	4580
45	4450
45	4185
45	3766
45	3658
45	2744
3762	12347
3762	12178
3762	11986
3762	10872
3762	9480
3762	4886
3762	4492
3762	4284
3762	4155
3388	3762
4826	9235
4594	9235
4584	9235
4272	9235
4044	9235
3632	9235
3388	9235
3231	9235
3170	9235
1043	9235
1019	9235
971	9235
969	9235
758	9235
441	9235
115	9235
1526	11920
4726	12584
4703	12584
4699	12584
4498	12584
4378	12584
4349	12584
4283	12584
4265	12584
4262	12584
4016	12584
4015	12584
3805	12584
3765	12584
3624	12584
3389	12584
3170	12584
3114	12584
3078	12584
3029	12584
2634	12584
2633	12584
2590	12584
2472	12584
2114	12584
1867	12584
1486	12584
1019	12584
965	12584
185	12584
4824	11817
3762	11817
3388	11817
561	11817
4700	11347
4700	9867
4700	8487
4832	12477
4186	12477
3834	12477
3801	12477
1122	12477
4826	9322
4594	9322
4364	9322
4186	9322
4025	9322
3834	9322
3801	9322
3104	9322
1122	9322
1102	9322
969	12330
969	12019
969	11986
969	11817
969	10872
969	10444
969	10055
969	9857
969	9835
969	9480
969	9461
969	9449
969	9434
969	8581
969	7067
969	7050
969	4826
969	4594
969	4584
969	4272
969	4044
969	3762
969	3388
969	3230
969	3200
274	969
3758	13078
3758	12085
3758	11478
3758	10471
3758	9901
3758	6940
2677	13130
2677	10776
2677	10753
2677	9366
2677	3393
115	12477
115	12330
115	12263
115	12019
115	11817
115	11754
115	11498
115	11118
115	10936
115	10451
115	10444
115	9857
115	9739
115	9461
115	9449
115	9434
115	9428
115	9132
115	8754
115	8467
115	7143
115	7092
115	7067
115	7031
115	6806
115	6088
115	5940
115	5813
115	4826
115	4594
115	4584
115	4272
115	4044
115	4025
115	3632
115	3406
115	3231
115	3230
115	3200
115	3104
115	969
115	441
4964	10936
4963	10936
4703	10936
4581	10936
4498	10936
4378	10936
4358	10936
4349	10936
4283	10936
4265	10936
4154	10936
3805	10936
3765	10936
3628	10936
3624	10936
3560	10936
3389	10936
3288	10936
3170	10936
3078	10936
2633	10936
2632	10936
2114	10936
1867	10936
1486	10936
1121	10936
1019	10936
971	10936
965	10936
758	10936
264	10936
162	10936
1145	9367
1019	13036
1019	12133
1019	11454
1019	11221
1019	9367
1019	8919
1019	8717
1019	5780
1019	4699
1019	4378
1019	4262
1019	3288
1019	2590
1019	2114
1019	1145
3388	11479
3388	10872
3388	9488
3388	7050
3388	6073
3388	3765
1132	3388
3632	12330
3632	12178
3632	11986
3632	11817
3632	11498
3632	11118
3632	10872
3632	10451
3632	9857
3632	9461
3632	9434
3632	8919
3632	8467
3632	7031
3632	6806
3632	5940
3632	4886
3632	4594
3632	4584
3632	4492
3632	4284
3632	4272
3632	4155
3632	4044
3632	3762
3388	3632
2069	3632
4832	9867
4186	6088
4044	12272
4044	11817
4044	11498
4044	11479
4044	11118
4044	10979
4044	10451
4044	9857
4044	9488
4044	9434
4044	8621
4044	8467
4044	7067
4044	7031
4044	6806
4044	5940
4044	4594
4044	4584
4044	4272
4015	4044
3388	4044
2505	4044
1132	4044
2069	4492
4826	12477
4826	12330
4826	12019
4826	11478
4826	11347
4826	11331
4826	10872
4826	10471
4826	10444
4826	10071
4826	9564
4826	9513
4826	8754
4826	8487
4826	8386
4826	7693
4826	7143
4826	7067
4826	7050
4826	6088
4826	5979
4700	4826
4364	4826
4186	4826
3834	4826
3801	4826
3758	4826
3653	4826
1122	4826
2633	13130
2633	13036
2633	12880
2633	12133
2633	11986
2633	11966
2633	11633
2633	11508
2633	11221
2633	11087
2633	10423
2633	9845
2633	9833
2633	9585
2633	9507
2633	9216
2633	8919
2633	8717
2633	8655
2633	8070
2633	5854
2633	5780
2633	5741
2633	4699
2633	4371
2633	4358
2633	4262
2633	3805
2633	3765
2633	3389
2632	2633
2590	2633
2114	2633
1992	2633
1019	2633
965	2633
3801	11347
3801	9564
3801	9068
3801	6068
3801	4723
3801	4263
3801	3834
4349	13130
4349	13036
4349	12561
4349	12412
4349	12133
4349	12119
4349	11996
4349	11990
4349	11986
4349	11331
4349	11221
4349	11142
4349	11087
4349	9768
4349	9585
4349	8919
4349	8717
4349	8621
4349	5780
4349	5741
4349	5028
4349	4699
4262	4349
3765	4349
3389	4349
2633	4349
2590	4349
2114	4349
1815	4349
1019	4349
3148	10055
4963	10993
4963	8388
4963	8382
4963	7053
4824	7067
4498	7067
4283	7067
4017	7067
4015	7067
3624	7067
3388	7067
3170	7067
3078	7067
3029	7067
2677	7067
2634	7067
2590	7067
2144	7067
2114	7067
1132	7067
971	7067
758	7067
185	7067
4498	7143
4349	7143
4017	7143
4015	7143
3765	7143
3388	7143
3170	7143
3029	7143
2634	7143
2590	7143
2144	7143
971	7143
264	7143
2887	8703
1360	8703
345	8703
2144	11087
4263	10733
4263	9501
4263	6176
4013	11232
4013	5145
4963	12906
4378	12906
3805	12906
3765	12906
3389	12906
3148	12906
2633	12906
2590	12906
2472	12906
2144	12906
2114	12906
4981	5741
4262	5741
3805	5741
3765	5741
3628	5741
3148	5741
2590	5741
2114	5741
4364	8754
4186	8754
3834	8754
3801	8754
1122	8754
1102	8754
4166	8270
4166	8238
4594	12477
4594	12347
4594	12330
4594	12272
4594	12178
4594	11986
4594	11817
4594	11498
4594	11479
4594	11478
4594	11347
4594	11331
4594	11118
4594	10979
4594	10872
4594	10471
4594	10451
4594	10444
4594	10055
4594	9857
4594	9835
4594	9564
4594	9513
4594	9488
4594	9461
4594	9449
4594	9434
4594	9068
4594	8919
4594	8754
4594	8621
4594	8467
4594	7693
4594	7143
4594	7067
4594	7050
4594	7031
4594	6806
4594	5940
4594	4886
4594	4826
4594	4824
4594	4700
4492	4594
4364	4594
4284	4594
4263	4594
4155	4594
3834	4594
3801	4594
3762	4594
3758	4594
3653	4594
3388	4594
2069	4594
1132	4594
1122	4594
561	4594
3200	12497
3200	12330
3200	11817
3200	10872
3200	10451
3200	9857
3200	9461
3200	9449
3200	9434
3200	8919
3200	7143
3200	7092
3200	7067
3200	7050
3200	5940
3200	4826
3200	4824
3200	4594
3200	4584
3200	4272
3200	3632
3200	3388
3200	3231
3200	3230
4284	12178
4284	8504
4284	4886
4284	4492
4252	6069
345	2887
4886	11986
4492	11986
4284	11986
4155	11986
3834	11986
3765	11986
3388	11986
2632	11633
2632	9844
2632	9507
2632	4358
4478	8621
3388	8621
1132	8621
1992	11633
1992	9507
1992	4358
1992	2632
3288	11454
3288	4378
4190	13036
3659	13036
1867	10423
1867	8717
3393	13130
3393	12013
3393	10776
3393	10753
4726	12961
4699	12961
4498	12961
4349	12961
4283	12961
4265	12961
4262	12961
4015	12961
3805	12961
3765	12961
3624	12961
3389	12961
3170	12961
3114	12961
3078	12961
2633	12961
2590	12961
2114	12961
1867	12961
1486	12961
1019	12961
965	12961
4981	9366
4364	13078
4364	11478
4364	11347
4364	11345
4364	10471
4364	9513
4364	8270
4364	7693
4364	6940
4364	5979
4364	4700
4166	4364
3758	4364
3653	4364
1122	4364
4025	12477
4025	11345
4025	10471
4025	10444
4025	10071
4025	9739
4025	9461
4025	8754
4025	8487
4025	8466
4025	8386
4025	7693
4025	7050
4025	6088
4025	5979
4025	4826
4025	4492
4025	4364
4025	4186
1102	4025
2114	5026
971	13225
971	13130
971	13036
971	12961
971	12906
971	12880
971	12626
971	12584
971	12561
971	12224
971	12133
971	12119
971	11996
971	11990
971	11966
971	11874
971	11508
971	11435
971	11221
971	11101
971	11087
971	10438
971	10423
971	10253
971	10055
971	10010
971	9951
971	9881
971	9833
971	9586
971	9585
971	9558
971	9487
971	8950
971	8919
971	8717
971	8703
971	8655
971	8462
971	8388
971	8382
971	8117
971	7482
971	6446
971	6164
971	5854
971	5812
971	5780
971	5741
971	5035
971	5015
971	4963
971	4726
971	4699
971	4498
971	4349
971	4283
971	4265
971	4262
971	4154
971	4017
971	4016
971	4015
971	3838
971	3805
971	3765
971	3624
971	3389
971	3170
971	3078
971	3029
971	2634
971	2633
971	2590
971	2144
971	2114
971	1867
971	1591
971	1486
971	1121
971	1019
965	971
185	971
4378	12013
4378	11454
2472	4378
3560	8070
4963	8950
4726	8950
4498	8950
4378	8950
4371	8950
4283	8950
4265	8950
4154	8950
4015	8950
3805	8950
3765	8950
3624	8950
3389	8950
3170	8950
3114	8950
3078	8950
2634	8950
2633	8950
2114	8950
1867	8950
1486	8950
965	8950
408	8950
4963	9951
4154	9951
1591	9951
3624	13225
3624	13130
3624	13036
3624	12906
3624	12880
3624	12412
3624	12224
3624	12133
3624	12119
3624	12013
3624	11996
3624	11920
3624	11508
3624	11435
3624	11232
3624	11221
3624	11101
3624	10423
3624	10253
3624	10055
3624	10010
3624	9881
3624	9845
3624	9833
3624	9586
3624	9585
3624	9558
3624	9487
3624	9337
3624	8970
3624	8919
3624	8717
3624	8703
3624	8655
3624	8388
3624	5854
3624	5780
3624	5741
3624	5015
3624	4963
3624	4498
3624	4283
3624	4261
3624	4017
3624	4016
3624	4015
3624	3805
3624	3765
3394	3624
3389	3624
3114	3624
2633	3624
2114	3624
1486	3624
965	3624
3389	13225
3389	13130
3389	13036
3389	12880
3389	12561
3389	12133
3389	12119
3389	11966
3389	11221
3389	11101
3389	10873
3389	10423
3389	10055
3389	9951
3389	9845
3389	9585
3389	9558
3389	9216
3389	8919
3389	8717
3389	8070
3389	5854
3389	5741
3389	5035
3389	5015
3389	4371
3389	3838
3389	3805
3389	3765
3389	3628
3148	3389
2590	3389
2114	3389
1591	3389
1486	3389
4016	13130
4016	12906
4016	11996
4016	11990
4016	11435
4016	10889
4016	10055
4016	9881
4016	9585
4016	5741
4016	4349
4016	4261
4016	4017
3389	4016
3148	4016
3114	4016
2590	4016
2114	4016
2590	13130
2590	13036
2590	12748
2590	12133
2590	11996
2590	11990
2590	11221
2590	11087
2590	9835
2590	8919
2590	8717
2590	8655
2590	8383
2590	5780
2590	4699
2590	4262
2590	3805
2144	2590
162	12961
162	12584
162	8950
162	8462
162	8117
162	7482
162	6446
162	1121
162	971
162	758
162	264
4190	10872
3659	10872
2114	10872
4186	13078
4186	11478
4186	11345
4186	10471
4186	10071
4186	8781
4186	8487
4186	8466
4186	7545
4186	6940
4186	5979
4186	5036
4186	4364
3758	4186
1276	4292
4699	8717
1591	8717
4261	13130
4261	11996
4261	10055
4261	5026
4860	11859
4581	8383
4358	8383
4358	10753
2632	10753
4699	5780
4378	5780
4358	5780
4357	5780
2632	5780
2472	5780
3114	13130
3114	12906
3114	12880
3114	12133
3114	12119
3114	12013
3114	11232
3114	11101
3114	10055
3114	9844
3114	9585
3114	9337
3114	8919
3114	8717
3114	8655
3114	5780
3114	5741
3114	3389
3114	3148
2114	3114
1486	3114
2144	8655
965	8655
1815	12729
1815	12412
1815	11979
1486	13225
1486	13130
1486	12880
1486	12626
1486	12458
1486	12133
1486	12013
1486	11221
1486	11101
1486	10423
1486	9558
1486	9337
1486	8717
1486	5854
1486	5812
1486	5015
1486	3805
1486	2114
1486	1867
965	1486
1871	12748
1871	11986
1871	8919
1871	8383
1871	2590
1360	12561
1360	12119
1360	12101
1360	11986
1360	9585
1360	8919
1360	5741
1360	5145
1360	4013
1360	2887
408	1360
345	1360
3834	12101
4190	11090
3653	11347
3653	6068
3653	4723
3653	4700
3653	3834
3653	3801
4964	11221
4963	11221
4699	11221
4581	11221
4358	11221
4292	11221
4154	11221
1215	11221
4015	13130
4015	13036
4015	12906
4015	12880
4015	12626
4015	12561
4015	12224
4015	12133
4015	12119
4015	12101
4015	11986
4015	11966
4015	11633
4015	11435
4015	11355
4015	11331
4015	11221
4015	11142
4015	10253
4015	10010
4015	9881
4015	9845
4015	9833
4015	9768
4015	9586
4015	9585
4015	9507
4015	9487
4015	9366
4015	9216
4015	8703
4015	8621
4015	8382
4015	8070
4015	6782
4015	6164
4015	5854
4015	5741
4015	5573
4015	5145
4015	4963
4015	4726
4015	4498
4015	4371
4015	4358
4015	4349
4015	4283
4015	4265
4015	4154
4015	4017
3838	4015
3805	4015
3765	4015
3389	4015
2677	4015
2633	4015
2632	4015
2505	4015
2114	4015
1992	4015
1360	4015
408	4015
1534	11979
1534	1815
4580	9654
4580	9235
4580	8386
4580	5905
4580	4707
4358	9586
3805	9586
2633	9586
2632	9586
2114	9586
1992	9586
1867	9586
1486	9586
965	9586
1121	12961
1121	12880
1121	12584
1121	12013
1121	10010
1121	9337
1121	8950
1121	8717
1121	8462
1121	8117
1121	7482
1121	6446
1121	3624
1121	3114
1121	2114
1121	1526
1121	1486
4963	11435
4703	11435
4378	11435
4371	11435
4358	11435
4262	11435
4154	11435
3838	11435
3805	11435
3389	11435
3148	11435
3114	11435
2633	11435
2632	11435
2590	11435
2472	11435
2144	11435
2114	11435
1992	11435
1486	11435
1360	11435
408	11435
1724	7611
4963	13130
4378	13130
4358	13130
4154	13130
2632	13130
2472	13130
2144	13130
965	13130
3388	9461
2114	11142
1815	11142
1526	11142
4017	13130
4017	13036
4017	12906
4017	12224
4017	12119
4017	11435
4017	11221
4017	11101
4017	11087
4017	10889
4017	10776
4017	10753
4017	10398
4017	10253
4017	10010
4017	9881
4017	9487
4017	8703
4017	8655
4017	5780
4017	5741
4017	5035
4017	5027
4017	5026
4017	4498
4017	4283
4017	4262
4017	4261
3765	4017
3393	4017
3389	4017
2677	4017
2590	4017
2144	4017
717	4017
2114	13130
2114	13036
2114	12880
2114	12626
2114	12458
2114	12133
2114	12013
2114	11232
2114	11221
2114	11101
2114	10873
2114	10423
2114	10055
2114	9506
2114	9366
2114	9337
2114	8919
2114	8717
2114	8465
2114	8388
2114	8382
2114	6164
2114	5854
2114	5812
2114	5780
2114	4963
2114	4699
2114	4262
2114	4190
2114	4154
2114	3838
2114	3805
2114	3659
2114	3628
2114	3148
2114	2677
2114	2590
1867	2114
1526	2114
965	2114
3765	13036
3765	12133
3765	11221
3765	11101
3765	9833
3765	8919
3765	8717
3765	5854
3765	5780
3765	4699
3765	4262
2590	3765
2114	3765
1019	3765
965	12880
965	11508
965	11221
965	10423
965	8717
965	1867
4154	12018
4154	12013
4154	10993
4154	8382
4154	7053
4154	6142
4154	4964
4154	4963
4154	4581
185	12224
185	11435
185	10889
185	10253
185	10010
185	9881
185	9586
185	9487
185	8703
185	4498
185	4283
185	4265
185	4017
185	4016
185	4015
185	3624
185	3170
185	3078
185	3029
185	2634
4963	5854
4154	5854
1867	5854
965	5854
4964	11101
4581	11101
4154	11101
4886	11498
4492	11498
4284	11498
4155	11498
3762	11498
2069	11498
3838	12119
3805	12119
2114	12119
1867	12119
1591	12119
1486	12119
965	12119
4371	11966
4371	11441
4371	9835
4371	9585
4371	9216
4371	8655
4371	5854
4371	5741
4832	5979
4700	5979
2677	12224
2114	12224
3834	11347
3834	9564
3834	9068
3834	6068
3834	4723
3834	4263
1601	8467
4190	12458
3659	12458
3078	13130
3078	12906
3078	12224
3078	12133
3078	12119
3078	11996
3078	11990
3078	11966
3078	11435
3078	11232
3078	11221
3078	11101
3078	10253
3078	10055
3078	10010
3078	9881
3078	9845
3078	9844
3078	9585
3078	9487
3078	9216
3078	8919
3078	8703
3078	8655
3078	8465
3078	8382
3078	8070
3078	6164
3078	5854
3078	5741
3078	4963
3078	4498
3078	4371
3078	4349
3078	4283
3078	4261
3078	4154
3078	4017
3078	4016
3078	4015
3078	3838
3078	3765
3078	3624
3078	3389
3078	3170
3078	3114
2633	3078
2590	3078
2114	3078
408	3078
4860	7611
1122	11347
1122	9564
1122	4723
1122	4700
1122	3834
1122	3801
1122	3653
274	9480
274	3762
1215	4292
3628	11989
3628	11101
3628	10873
3628	6136
3628	5780
3628	4262
3628	3805
1591	5035
3805	13130
3805	13036
3805	12880
3805	12626
3805	12133
3805	12013
3805	11508
3805	11454
3805	11221
3805	11101
3805	10873
3805	10423
3805	9951
3805	9760
3805	9340
3805	8717
3805	8655
3805	6142
3805	5854
3805	5812
3805	4964
3805	4726
3805	4703
3805	4581
3805	4378
3805	4154
1867	3805
965	3805
4358	12880
2632	12880
1992	12880
1591	12880
758	13130
758	12961
758	12906
758	12626
758	12584
758	12458
758	12224
758	12133
758	12043
758	11996
758	11990
758	11989
758	11435
758	11101
758	10776
758	10753
758	10253
758	10055
758	10010
758	9951
758	9881
758	9845
758	9585
758	9487
758	9340
758	8950
758	8919
758	8703
758	8655
758	8465
758	8462
758	8117
758	8070
758	7482
758	6782
758	6446
758	6164
758	6136
758	5854
758	5812
758	5780
758	5741
758	4703
758	4498
758	4349
758	4283
758	4262
758	4261
758	4017
758	4016
758	4015
758	3838
758	3805
758	3765
758	3628
758	3624
758	3393
758	3389
758	3170
758	3148
758	3114
758	3078
758	3029
758	2677
758	2634
758	2633
758	2590
758	2114
758	1486
758	1121
758	1019
758	971
185	758
717	5026
717	4261
2853	11347
3388	9434
2792	9434
4967	10071
2558	8382
3838	12561
1591	12561
4584	12263
4584	11986
4584	11817
4584	11498
4584	11118
4584	10936
4584	10872
4584	10471
4584	10451
4584	10055
4584	9857
4584	9835
4584	9461
4584	9449
4584	9434
4584	8919
4584	8754
4584	8467
4584	7143
4584	7092
4584	7031
4584	6806
4584	5940
4584	4826
4584	4594
3388	4584
4723	10444
4700	10444
4364	10444
3834	10444
3801	10444
3758	10444
3653	10444
1122	10444
862	10444
4811	10984
4811	10210
4703	13130
4703	9951
4703	9340
4703	8655
4963	6232
4726	6232
4498	6232
4349	6232
4283	6232
4015	6232
3805	6232
3765	6232
3624	6232
3406	6232
3389	6232
3170	6232
3114	6232
3078	6232
2633	6232
2114	6232
1486	6232
1121	6232
971	6232
758	6232
4265	12880
4265	12626
4265	12133
4265	12119
4265	11633
4265	11435
4265	10889
4265	10423
4265	10010
4265	9760
4265	9586
4265	9507
4265	8717
4265	5854
4265	5812
4265	4498
4265	4358
3805	4265
2633	4265
2632	4265
2114	4265
1992	4265
1867	4265
1486	4265
965	4265
4699	9449
4498	9449
4349	9449
4283	9449
4262	9449
4190	9449
4017	9449
4015	9449
4013	9449
3805	9449
3765	9449
3628	9449
3624	9449
3389	9449
3170	9449
3078	9449
3029	9449
2887	9449
2634	9449
2633	9449
2590	9449
2144	9449
2114	9449
1360	9449
1019	9449
971	9449
758	9449
345	9449
264	9449
185	9449
4578	12600
4578	10421
4578	9918
4578	6070
4349	7031
4283	7031
3765	7031
3762	7031
3389	7031
3388	7031
3170	7031
3078	7031
2633	7031
758	7031
4832	11331
4492	11331
4364	11331
3762	11331
1526	9835
4963	8462
4703	8462
4699	8462
4498	8462
4349	8462
4283	8462
4265	8462
4262	8462
4154	8462
4017	8462
4015	8462
3838	8462
3805	8462
3765	8462
3624	8462
3170	8462
3078	8462
3029	8462
2634	8462
2633	8462
2590	8462
2144	8462
2114	8462
1019	8462
965	8462
185	8462
4832	8487
4886	12330
4492	12330
4284	12330
4155	12330
3762	12330
3388	12330
2069	12330
4699	8919
3626	9320
2887	5013
2887	4589
2590	2887
4283	12906
4283	12224
4283	12133
4283	10253
4283	10010
4283	9881
4283	9487
4283	9366
4283	8703
4283	4981
4283	4498
4283	4349
3765	4283
3389	4283
3114	4283
2677	4283
2633	4283
2114	4283
274	4283
3394	8970
1601	9451
1601	6068
1724	6136
4153	12412
4153	12018
4153	12013
4153	11966
4153	11655
4153	11221
4153	11142
4153	11101
4153	10993
4153	10936
4153	9951
4153	9761
4153	9217
4153	8950
4153	7053
4153	6232
4153	6142
4153	5854
4153	4964
4153	4963
4153	4581
4153	4498
4153	4349
4153	4154
3805	4153
3406	4153
1815	4153
21	11655
21	9761
21	9217
21	8325
21	6232
21	4968
21	4153
4492	12347
4492	12178
4492	10872
4492	10471
4492	4886
4824	9857
4492	9857
4349	9857
4015	9857
3170	9857
3029	9857
2634	9857
2069	9857
264	9857
4498	13130
4498	13036
4498	12906
4498	12626
4498	12224
4498	12133
4498	12119
4498	12013
4498	11454
4498	11435
4498	11232
4498	11221
4498	11101
4498	11087
4498	10423
4498	10253
4498	10010
4498	9881
4498	9844
4498	9833
4498	9586
4498	9585
4498	9487
4498	8919
4498	8717
4498	8703
4498	8655
4498	8465
4498	8388
4498	6164
4498	6142
4498	5854
4498	5812
4498	5780
4498	5741
4498	4964
4498	4963
4498	4581
4378	4498
4154	4498
3805	4498
3765	4498
3114	4498
2633	4498
2590	4498
2472	4498
2144	4498
2114	4498
1867	4498
1486	4498
965	4498
171	7108
4886	6085
4155	6085
1601	6085
3029	12224
3029	11331
3029	11142
3029	10889
3029	10253
3029	10010
3029	9881
3029	9768
3029	9586
3029	9487
3029	8703
3029	8621
3029	8609
3029	4498
3029	4349
3029	4283
3029	4265
3029	4017
3029	4015
3029	3624
3029	3170
3029	3078
4963	11966
4154	11966
3838	11966
2114	11966
4358	11633
4358	11080
4358	9844
4358	9507
4358	8918
4358	6939
4358	4581
3657	4358
2472	4358
4964	6142
3560	11454
2472	11454
3560	8970
3104	12477
3104	12263
3104	11347
3104	10936
3104	10620
3104	10444
3104	9564
3104	9461
3104	9449
3104	8754
3104	7092
3104	4826
3104	4594
3104	4584
3104	4272
3104	3834
3104	3801
3104	3406
1122	3104
4811	7108
4808	7108
4358	12626
1867	12626
965	12626
3406	9217
4262	13036
4262	12133
4262	11989
4262	11221
4262	11101
4262	9375
4262	8919
4262	8717
4262	6136
4262	5780
4262	4699
408	12561
408	12119
408	12101
408	11986
408	11966
408	9585
408	9216
408	5741
408	4371
408	3389
408	2633
408	1871
2472	7117
2472	3657
4964	12013
4581	12013
4581	5812
1867	5812
965	5812
4272	12347
4272	12330
4272	12263
4272	12178
4272	11986
4272	11817
4272	11498
4272	11479
4272	11331
4272	11118
4272	10936
4272	10872
4272	10451
4272	9857
4272	9461
4272	9449
4272	9434
4272	8467
4272	7143
4272	7067
4272	7031
4272	6806
4272	5940
4272	4886
4272	4824
4272	4711
4272	4594
4272	4584
4272	4492
4272	4284
4155	4272
3762	4272
3388	4272
3170	13225
3170	13130
3170	12906
3170	12880
3170	12224
3170	12133
3170	12119
3170	11996
3170	11990
3170	11989
3170	11508
3170	11435
3170	11331
3170	11221
3170	11142
3170	11101
3170	10873
3170	10423
3170	10253
3170	10055
3170	10010
3170	9951
3170	9881
3170	9845
3170	9768
3170	9586
3170	9585
3170	9558
3170	9487
3170	9340
3170	8703
3170	8655
3170	8621
3170	8070
3170	6164
3170	6136
3170	5780
3170	5741
3170	5722
3170	5015
3170	4703
3170	4498
3170	4349
3170	4283
3170	4262
3170	4017
3170	4016
3170	4015
3170	3805
3170	3765
3170	3659
3170	3628
3170	3624
3170	3389
3148	3170
3114	3170
2633	3170
2590	3170
2114	3170
1486	3170
1019	3170
965	3170
2114	7482
1486	7482
1360	7482
4726	9462
4726	9445
4726	4843
4581	6142
4581	4964
3624	8325
3406	8325
3393	8325
3114	8325
2114	8325
1486	8325
1121	8325
4261	9585
3838	9585
2590	9585
4808	9034
4808	6710
4886	10451
4824	10451
4492	10451
4284	10451
4155	10451
3762	10451
3388	10451
4378	11655
3624	11655
3560	11655
3406	11655
3394	11655
3288	11655
1019	11655
4110	5015
1102	12864
1102	11345
1102	7674
1102	5979
1102	4364
1102	4186
4155	12600
4155	12178
4155	10421
4155	9918
4155	9462
4155	9445
4155	9320
4155	8388
4155	6069
4155	4886
4155	4726
4155	4578
4155	4492
4155	4284
3626	4155
3838	13130
3838	12880
3838	12133
3838	12043
3838	11221
3838	10055
3838	9951
3838	8717
3838	8382
3838	5854
3838	5780
3838	5035
3838	4963
3838	4154
1591	3838
4110	10073
4110	6982
4110	6173
4110	5260
4968	8325
4968	7108
4968	6232
171	4968
2853	13108
2853	11235
4609	12864
4518	12864
70	13232
70	13093
70	9584
70	9322
70	8616
70	8545
70	7258
70	7136
70	7134
70	7105
70	7098
70	7012
70	6170
70	5804
70	5665
70	2515
70	1361
2673	11779
2320	13232
1361	8616
1361	7168
1361	7164
1361	7134
1361	5665
2423	3414
3414	8545
2423	8545
581	3414
2515	13087
2515	9322
2515	8545
2515	6235
2673	13087
3894	12089
3894	11445
3894	10499
3894	10328
3894	10223
3894	8259
3894	7501
3894	5206
618	3894
1768	5206
106	12924
106	12858
106	12082
106	11451
106	11145
106	11136
106	10835
106	10428
106	10279
106	10235
106	10223
106	10183
106	9837
106	9810
106	9088
106	8932
106	8768
106	8578
106	8132
106	8092
106	7723
106	7638
106	7253
106	6873
106	6166
106	5782
106	5206
106	3894
106	227
227	12858
227	12082
227	11145
227	11136
227	10835
227	10428
227	10279
227	10235
227	10183
227	9837
227	9810
227	9088
227	8932
227	8768
227	8578
227	8132
227	8092
227	7723
227	7638
227	7253
227	6166
227	1017
4518	4609
4609	6907
713	12536
713	11768
713	6694
713	6160
2977	7869
2748	7869
2577	7869
843	9498
843	7869
156	13050
156	12460
156	12024
156	11504
156	11141
156	10902
156	8417
156	7553
156	2734
156	2668
1981	7243
2734	13050
2734	12024
2734	11504
2734	11141
2734	10742
4259	6063
1981	10167
2748	11456
2748	8748
2748	5510
144	11756
144	7243
2622	8082
1981	10902
4844	12102
3358	12102
2668	12460
2668	12024
2668	10902
2668	10576
2668	8748
2668	8417
2668	8043
2668	7869
2668	7553
2668	5990
2668	5904
2668	5792
2668	3392
2668	2748
3358	12818
667	10167
667	9896
667	8528
667	8266
667	6416
667	6063
667	12460
1981	12576
1981	9650
1981	9637
1981	7008
1981	5829
1981	5769
4260	10871
4260	7140
4260	5037
4259	10871
3835	10871
3835	7140
3835	4260
2985	12024
2668	9837
1017	9837
156	9837
4259	11933
4259	11700
4259	11699
4259	6061
4259	5989
4259	5977
4844	11542
4844	10852
4844	7149
3392	12818
3392	12379
3392	12102
3392	11957
3392	11925
3392	11846
3392	10576
3392	9808
3392	8817
3392	7264
3392	4490
3358	3392
777	2681
4858	10883
4858	8926
4858	5341
4732	4858
3899	11168
3899	10632
3899	8994
3899	5587
2630	12414
2630	10944
2630	7262
3855	5593
3773	8994
3773	8053
3773	7191
4119	8994
3861	8994
3857	8994
3190	8994
2683	8994
2362	8994
2710	4858
2832	7185
3638	11354
3638	3776
724	9124
2832	10103
4732	10883
4732	8926
4732	5341
2008	13046
2008	11168
2008	10109
2008	9158
2008	8526
2008	8075
2008	7530
2008	6418
2008	5593
1995	9606
1995	2831
2681	11397
2681	8994
2681	7280
2681	7191
2681	5587
2681	3899
2681	2964
1976	2681
1593	2681
1978	11467
1978	7185
2832	11924
2832	10703
2832	9942
2832	8256
2832	7255
2832	7215
2960	12744
2960	11158
2960	9212
2960	4034
4402	9432
3899	9432
3773	9432
2964	9432
2960	9432
2681	9432
2362	9432
2154	9432
1593	9432
778	9432
1432	12981
1432	9432
1432	9336
1432	8681
1432	3844
1432	3774
3899	9336
3773	9336
2964	9336
2831	9336
2681	9336
2154	9336
1995	9336
1593	9336
724	9336
3505	9124
3505	8858
3505	8681
3505	6299
3505	3871
2630	11168
404	12981
404	11352
404	9432
404	9336
404	9124
404	8858
404	8681
404	6299
404	3871
404	3844
404	3774
404	3505
404	1432
404	1150
404	779
3774	12981
3774	11354
3774	10632
3774	9432
3774	9336
3774	8994
3774	8681
3774	5587
3774	3899
3774	3844
3774	3776
3638	3774
2964	3774
2681	3774
3871	9877
3871	9124
3871	8858
3871	8681
3871	6299
1593	3871
4034	12744
4034	8111
4034	5420
1593	12693
1593	11397
1593	10103
1593	9877
1593	7280
1593	7191
1593	3856
402	12981
402	9432
402	9336
402	9124
402	8858
402	8681
402	6299
402	3871
402	3844
402	3774
402	3505
402	1432
402	1150
402	779
402	404
4496	12693
779	13138
779	12981
779	9432
779	9336
779	8858
779	8681
779	3844
779	3774
779	1432
779	1150
2154	8994
2154	3773
94	10996
94	9583
94	9376
94	8875
94	6387
3855	9583
2960	9583
2008	9583
2831	9606
403	2385
403	2154
1150	13044
1150	12981
1150	11122
1150	9432
1150	9336
1150	9124
1150	8994
1150	8681
1150	5587
1150	3899
1150	3844
1150	3774
1150	3773
1150	2964
1150	2681
1150	2154
1150	1869
1150	1432
2964	10318
2964	8994
2964	5587
2964	3899
3776	11354
4858	12228
4732	12228
1782	12860
1782	12677
1782	12228
1782	11904
1782	11743
1782	8336
1782	7776
1782	6394
4402	6914
3855	12723
3855	7464
3855	6613
4858	8526
4732	8526
2630	8526
3844	12981
3844	9432
3844	9336
3844	8681
767	9318
767	7741
767	7645
767	4187
767	2058
2556	8935
2556	12149
2556	10045
2058	12086
2058	10930
2058	10572
2058	9318
2058	8354
2058	8244
2058	8240
2058	8172
2058	7741
2058	7645
2058	5872
2058	2073
1470	2058
1316	2058
982	2058
1316	8244
1316	8172
1470	12950
1470	8935
1470	8240
1470	6907
1470	3300
2058	8680
767	8680
2284	10265
2282	8486
2282	7757
2282	6483
2324	10252
4397	12370
4397	6991
51	12639
51	12171
51	12126
51	12063
51	11870
51	11642
51	11521
51	11387
51	11195
51	11176
51	10258
51	10015
51	9790
51	9557
51	9252
51	9231
51	9121
51	8930
51	8752
51	8680
51	8251
51	8224
51	7968
51	7839
51	7777
51	7755
51	7714
51	7660
51	7646
51	6201
51	5978
51	5967
51	4081
1627	12126
2896	12698
2896	11927
2896	11676
2896	10898
2896	9442
2896	9230
2896	6116
2049	11092
2049	10265
2049	10252
2049	9952
2049	7344
2049	6825
2049	6116
2049	2324
2049	2284
2049	2162
1621	2049
4081	13065
4081	12171
4081	12063
4081	11642
4081	10258
4081	9790
4081	9431
4081	9231
4081	7839
4081	7647
205	9230
205	2896
1402	6825
1402	2049
2146	11092
2146	10252
2146	9952
2146	5974
2146	3563
2146	2324
2146	2162
2049	2146
1627	11987
1627	7946
2034	11092
2034	10402
2162	10252
2162	2324
600	12437
600	10202
600	7123
600	3781
600	1007
1621	10265
1621	6116
2324	11092
2162	11092
2778	10303
2778	7327
2778	6483
2284	2778
2049	2778
1053	7327
1053	2778
4397	11387
2896	9790
1621	7344
3563	10202
2049	10202
1621	10202
1506	10202
4397	12171
2896	12171
3781	12437
3781	10202
3781	7123
2368	13065
2368	10678
2368	7683
4397	11927
3049	11927
4397	11676
1506	5974
1007	12437
1007	11768
1007	7123
1007	3781
713	1007
3049	10153
1124	5974
1124	3563
1124	2146
2896	9231
2896	10258
1506	10611
1506	10488
1506	7344
1506	6002
1506	5803
1506	2034
3563	11092
3563	10402
3563	6825
3563	5974
2034	3563
1506	3563
1732	12804
1732	5895
1732	3366
3617	9475
2266	12745
2266	9475
2266	9371
2266	5267
3366	9405
2541	9405
2540	9405
437	9405
3617	5895
2092	5895
2272	10169
2272	8302
2272	7673
3366	11991
2870	13198
2870	13182
2870	12262
2870	12072
2870	11850
2870	11173
2870	11045
2870	10858
2870	10440
2870	10321
2870	10139
2870	9072
2870	8933
2870	8554
2870	8440
2870	8329
2870	6938
2870	5308
2870	5298
2870	3366
1705	11173
1705	10139
1705	2870
3366	8840
3343	8840
2092	8840
3366	7673
1732	7673
1844	9482
1443	12503
3617	5243
3366	5243
1972	5243
1732	5243
1597	5243
3366	5155
2870	5155
337	11991
337	8340
337	5243
2870	12503
3617	5108
422	5175
422	5155
422	5151
3366	13198
3366	12804
3366	12262
3366	12072
3366	11342
3366	9627
3366	9177
3366	8839
3366	8750
3366	8431
3366	8430
3366	8428
3366	8323
3366	7080
3366	5895
3366	5308
3366	5298
3366	3617
2092	3366
3051	9482
3051	8229
3051	7942
3051	7771
3051	7768
4501	8302
2870	8302
1597	10101
1597	7022
1597	6183
3617	11810
3617	11631
3617	11371
3617	11370
3617	11275
3617	11264
3617	10712
3617	9727
3617	8557
3617	8460
3617	8430
3617	8310
3617	8191
3617	7863
3617	7851
3617	6671
3617	5107
3617	7865
1844	13198
1844	12362
1844	12148
1844	11125
1844	7367
1844	6943
1441	9482
1441	8229
1441	7942
1441	7771
1441	7768
1441	3051
1972	11980
1972	8549
2242	9429
2242	5108
2092	12262
2092	8567
2092	7865
2092	7080
2092	5125
808	10169
808	8302
808	7673
808	2272
3617	8933
1844	7942
2722	9185
4725	12682
4725	11957
4725	11932
4725	11925
4725	10567
4725	9808
4725	8484
4725	6902
4725	6003
4725	5982
4725	5670
4090	4725
3392	4725
3197	12379
3197	12102
3197	11696
3197	11206
3197	11114
3197	11088
3197	11073
3197	10735
3197	8999
3197	8874
3197	8610
3197	5970
3197	4490
3197	4042
3197	3751
3197	3360
3751	11696
3751	8874
3751	8109
3751	4490
2602	11544
2602	11406
2602	6595
2602	5627
1312	11932
1312	10567
1312	9665
1312	6003
1312	5982
1312	4725
1312	4089
1312	3602
1312	3482
1312	3188
3602	11932
3602	10567
3602	6003
3602	5982
3602	4725
3602	4089
4844	5982
4042	5982
3360	5982
3197	5982
4042	11206
4042	11088
4042	8999
4042	8610
4042	8215
4042	5970
4042	11932
3360	11932
3197	11932
3360	11206
3360	11088
3360	10088
3360	8999
3360	8610
3360	5970
3360	4042
3482	12379
3482	11957
3482	11932
3482	11925
3482	10567
3482	9808
3482	8817
3482	6003
3482	5982
3482	4725
3482	4490
3482	4089
3482	3602
3392	3482
4844	10735
4090	12769
4090	12521
4090	11895
4090	11074
4090	10478
4089	12650
4089	12379
4089	11957
4089	11932
4089	11925
4089	11846
4089	11696
4089	10567
4089	9514
4089	8874
4089	8817
4089	8745
4089	7264
4089	6902
4089	6595
4089	6035
4089	6003
4089	5982
4089	5670
4089	4725
4089	4490
3751	4089
3392	4089
3197	4089
3751	8082
4490	12658
4490	12379
4490	11957
4490	11925
4490	11696
4490	8874
4490	8817
3188	11932
3188	11696
3188	10567
3188	10240
3188	9240
3188	8874
3188	7850
3188	6003
3188	5982
3188	4725
3188	4490
3188	4089
3188	3751
3188	3602
3188	3482
3188	3197
4090	8999
493	913
913	12222
913	7065
913	5222
913	5219
243	9823
243	5788
840	8659
840	4137
2213	9823
753	9823
2213	12222
2213	10914
2213	8951
980	12489
980	12222
980	11834
980	11755
980	10914
980	10609
980	9823
980	9339
980	8951
980	8721
980	8659
980	7065
980	5788
980	5222
980	5219
980	2213
980	1859
913	980
840	980
753	980
243	980
1859	12222
1859	10914
753	12222
753	10914
753	1859
197	980
1859	8951
1777	8951
753	8951
449	8951
449	2213
1777	13211
1777	6245
915	12950
915	8935
915	6907
915	1470
327	11480
327	10080
327	9567
327	9405
2540	12406
2540	6490
2540	5596
2540	2541
2541	12406
2541	8331
2541	8327
2541	6128
1120	11883
1120	8843
1120	8841
1120	8840
1120	8633
1120	8580
1120	8575
1120	8339
1120	8327
1120	8312
1120	5233
437	12406
437	2541
437	2540
4249	9502
2319	13213
2319	13194
2319	13067
2319	10639
2319	10630
2319	10163
2319	9763
2319	9062
2319	8914
2319	8322
2319	8123
2319	6131
2319	5943
2319	2872
1788	2319
1324	2319
1273	2319
532	2319
322	2319
354	9233
354	8018
354	3025
354	2953
354	2430
2748	8463
78	13067
78	10630
78	8914
78	8513
78	8123
78	6199
78	6131
78	5943
78	2319
78	1258
332	11806
332	7974
2953	9233
2953	8018
2953	3025
3025	7974
2953	7974
2430	7974
354	7974
2577	9973
1033	13213
4249	5943
3025	5943
1273	5943
1033	5943
723	5943
1324	13213
1324	13194
1324	10639
1324	10163
1324	9763
1324	9062
1324	8322
1324	2872
1324	1788
2430	9233
2430	8018
2430	3025
2430	2953
2393	13212
2393	9580
2393	9237
2393	8463
2393	8020
2393	4400
4249	10989
2872	13213
2872	13194
2872	10639
2872	10163
2872	9763
2872	9062
2872	8322
1113	9062
322	13213
322	13194
322	12900
322	10639
322	10163
322	9795
322	9763
322	9062
322	8322
322	2872
322	1788
322	1324
322	1273
322	532
1452	9763
4249	13178
4249	12941
4249	11375
4249	9269
4249	6805
4249	6789
2577	5767
2977	10581
3696	10446
3695	10446
2393	10446
3025	13178
3025	9502
3025	9269
3025	9233
3025	8018
3025	4249
1258	13067
1258	10630
1258	8914
1258	8123
1258	6131
1258	5943
1258	2319
1273	13213
1273	13194
1273	10639
1273	10163
1273	9969
1273	9763
1273	9062
1273	9002
1273	8322
1273	7346
1273	2872
1273	1788
1273	1324
1033	1273
723	1273
595	9413
595	8647
595	8646
595	8025
1562	13148
1562	11318
1562	10543
1562	9502
1562	6630
1113	9435
1113	5808
1113	5135
723	9969
723	9002
536	11502
536	5767
2455	11806
595	11806
536	11806
2872	8123
1788	8123
1324	8123
1273	8123
1033	8123
532	8123
322	8123
4249	6131
1033	6131
532	6131
1788	13213
1788	13194
1788	12502
1788	10639
1788	10581
1788	10163
1788	9763
1788	9062
1788	8322
1788	2872
1452	1788
4216	12542
4216	11242
4216	10880
4216	10842
4216	6033
1021	11853
1021	10374
1021	10204
1021	9878
1021	9623
1021	8076
1021	7961
1021	7948
1021	7928
1021	7925
3343	10842
3424	12383
3424	10544
3424	8924
3424	8435
3424	7209
3424	6485
3798	13022
3798	12542
3798	12316
3798	10466
3798	9552
3798	8455
3798	5644
3424	11853
3343	11437
3343	10931
3343	6485
3343	3424
2386	13022
2386	12542
2386	12316
2386	11242
2386	10880
2386	10842
2386	10466
2386	9552
2386	8455
2386	6033
2386	5644
2386	4216
2386	3798
4788	10729
3710	10729
3577	10729
2663	12944
2663	12589
2663	12274
2663	11971
2663	11960
2663	11946
2663	11518
2663	11007
2663	10840
2663	10722
2663	10648
2663	10598
2663	9329
2663	9286
2663	7390
2663	6684
2663	4614
3609	10696
3609	10413
3609	9653
3609	9370
3609	8978
3609	7038
3609	6181
4787	9788
4787	9317
4787	7367
4787	7038
4787	6181
3702	4787
2005	4787
2005	3702
3303	10696
3303	9653
3303	9370
3303	9317
3303	8978
3303	6181
3303	3609
891	10270
891	3713
891	2165
4903	9453
314	10696
314	9653
314	9370
314	8978
314	3609
314	3303
462	9788
462	4787
462	4785
462	2654
4785	12201
4785	11307
4785	10901
4785	10729
4785	9788
4785	8774
4785	8574
4785	4787
3710	4785
3577	4785
2165	4785
4177	8016
2165	10901
2165	10722
2165	10270
2165	9450
2165	7291
2165	3716
2165	3713
2165	2663
3706	7815
2654	9788
2654	6988
2654	4787
2654	4785
1000	11361
1000	9192
1000	8133
1000	8016
1000	8015
1000	6988
1000	5205
3713	12002
3713	10270
3713	7815
3713	4783
2659	3713
4903	12062
4903	5146
2761	10729
2761	7864
4614	12274
4614	11007
4614	10910
4614	10648
4614	7390
4614	7061
3704	11307
3710	11307
3710	8774
3704	3710
2659	12002
2659	9934
2659	9460
2659	7815
2659	7415
4788	11449
4788	10968
4788	10461
4788	10460
4788	10140
4788	9453
4788	8784
4788	8356
4788	7806
4788	6321
4788	6320
3577	11307
3577	8774
3577	3710
1563	12394
669	12394
2536	13258
2536	12341
2536	9565
2536	8536
2536	6656
2490	8527
2490	6698
2490	3081
2415	2490
1472	9839
1212	9839
1472	13098
1472	8429
3081	8527
1472	12986
955	12986
1763	6999
1472	10146
1212	10146
904	10827
904	1212
2706	9787
2536	11341
1472	11341
751	11341
1968	12986
784	6251
1212	13084
1212	11543
1212	10365
1212	9574
1212	8656
1212	7705
1212	6960
23	13098
23	12986
23	11341
23	10146
23	9839
23	8429
23	6241
23	1968
1799	11780
1799	11697
1799	10416
1799	9787
1799	7845
1799	6206
1799	6189
1799	6188
1799	2994
1799	2706
1799	2094
1551	13106
1551	12747
1551	11015
1551	10815
1551	9920
1551	9843
1551	9574
1551	7952
1551	7813
1551	7654
1551	7155
1551	6767
1042	10365
1042	7798
1042	7231
1042	6206
1042	6188
1042	1799
2317	8527
2317	3081
2317	2490
1472	13184
1472	12964
1472	12543
1472	10596
1472	9860
1472	9499
1472	8013
1472	7158
3127	6241
2977	6241
1472	6241
1212	6241
751	7006
1652	9843
1799	6251
3127	9499
429	13205
429	13106
429	9843
429	7654
429	1551
2994	5809
2787	7798
623	6999
623	1763
1111	11577
1111	9920
1111	7024
2787	12622
2787	10171
2787	8723
2787	7727
2094	2994
2490	10933
1212	10933
519	13055
519	10933
784	6999
2231	13092
2231	13058
2231	12872
2231	11744
2231	11364
2231	11127
2231	7666
2231	4078
4077	13058
3703	10973
4077	9705
4077	4079
4078	11711
2231	11711
3718	12464
3718	12246
3718	10271
3718	9910
3718	9889
2178	12464
2178	11711
2178	10973
2178	10820
2178	2652
2652	12464
2652	11711
2652	10973
2652	10820
2652	10327
2652	6868
2655	3718
4078	13092
4078	13058
4078	12996
4078	12872
4078	12379
4078	11744
4078	11736
4078	11364
4078	11127
4078	10598
4078	10269
4078	7848
4078	7788
4078	7740
4078	7666
882	9349
882	4730
601	1035
1646	10514
1646	8682
1646	6612
4502	12470
2447	5817
3391	13102
4502	13133
4029	13133
3733	13133
3077	13133
3079	7131
2667	12712
2667	10737
2667	8676
2667	7240
2667	6975
1739	12712
1739	10737
1739	9081
1739	8676
1739	8298
1739	7324
1739	7240
1739	6975
1739	2667
1074	12520
1074	6051
2031	2858
2927	9081
2342	10716
2342	8673
2342	5430
3696	9582
1035	10422
1035	9891
1035	9476
1035	8747
1035	3696
1035	2858
3385	13102
3385	9744
3385	8673
3385	3391
756	3385
1628	12883
1628	12470
3522	8706
871	9142
871	9026
871	8706
871	8562
871	5384
871	2229
4730	12794
4730	10913
4730	9349
4730	7331
4730	6000
4730	5646
4730	5600
2582	4730
507	10454
507	9436
507	6631
507	3878
34	12278
34	8845
34	1035
34	601
1033	11283
1033	10989
1033	10514
1033	10446
1033	8706
1033	8682
1033	7887
1033	7346
1033	6612
1033	6576
1033	6039
1033	5962
1033	5817
1033	1646
1033	1058
4029	12273
471	11667
471	10181
471	9017
471	7236
471	6084
3077	12273
3077	10969
3077	10949
3077	10601
3077	6705
3077	6516
3077	5949
3077	5294
3077	4029
668	12045
4502	6000
2752	6516
2752	3077
3077	12045
2582	6000
3695	9891
2927	13120
2927	12761
2927	7729
2927	7585
2927	6562
3878	10454
3878	9436
3878	6631
532	13213
532	13194
532	11667
532	11283
532	10989
532	10639
532	10446
532	10426
532	10181
532	10163
532	9763
532	9062
532	9017
532	8322
532	7236
532	6513
532	5817
532	2872
532	1788
532	1324
532	1273
532	1033
471	532
1004	12586
277	13133
277	11682
277	1747
2937	12345
2937	8972
2937	4470
2937	3695
3695	11501
3694	11501
1058	6576
310	10332
310	9744
310	9561
310	8503
310	3385
3733	7729
4502	7759
4502	7207
3733	13120
3079	13120
1336	9612
1336	5111
1336	5048
756	13102
756	3391
756	1967
1336	13102
2928	7131
2342	9026
2927	12586
1074	12586
1116	2447
3695	12345
3695	8505
4470	8972
4470	8907
4470	5622
3696	9804
3696	9476
3696	6452
3695	3696
3733	6516
3079	6516
3733	11975
3733	8412
3733	8330
3733	7732
3733	7309
3733	6383
1853	12780
1853	11501
1853	9209
1853	7481
1853	7228
1853	5887
4587	8505
945	12780
945	12124
945	12114
945	11501
945	10272
945	10064
945	10050
945	9965
945	9209
945	9116
945	7481
945	7228
945	6677
945	6622
945	5887
945	1853
2229	10119
2229	9142
2229	9026
2229	8706
2229	8562
2229	6114
2229	5384
2229	2745
1747	13133
1747	12832
1747	11890
1747	11682
1747	8534
1747	5817
2937	10454
3022	5962
4473	9842
3147	8753
3147	6171
4473	10557
4473	10288
3846	9565
1246	12106
1246	11936
1246	10197
4367	6052
3824	6052
3006	6052
2464	6052
4367	12341
3006	12800
3006	12701
3006	12349
3006	11786
3006	8448
3006	6392
3006	4367
3006	3824
2464	7802
4217	10034
4217	9122
4217	4394
3846	10991
3846	10420
4394	12106
4367	12106
4256	12106
4217	12106
3909	12106
3909	10988
3909	6112
4367	13083
4367	10403
4367	6392
4367	5365
1079	8547
1079	8303
1079	6052
2509	12800
2509	9420
2509	6481
2509	5929
2800	6123
4367	12399
3824	12399
3006	12399
3846	10779
737	12399
103	11425
103	10779
103	10505
103	7897
103	6123
4394	10034
3824	6392
3824	4367
2732	6400
2732	6362
2961	6955
2721	10720
2721	10236
2721	4385
2557	11594
2557	9554
2557	7238
3297	9554
2961	10796
3297	11688
3297	9904
4385	10236
4381	4385
4493	8755
4385	8755
4381	8755
3126	8755
4382	11940
4382	11500
4382	11292
4382	10797
4382	9774
4382	9364
4382	9276
4382	8994
4382	8755
4382	7238
4382	6955
4382	6674
4382	6364
3190	4382
2838	4382
2683	4382
1220	4382
3775	7238
3190	7238
2732	7238
2683	7238
4122	12839
4122	12824
4122	4381
150	11500
150	10797
150	9774
150	9364
150	6955
150	6364
150	4382
150	4299
1109	11594
1109	11044
1109	9554
1109	9333
1109	8755
1109	8444
1109	7238
1109	2557
4299	11500
4299	9774
4299	9364
4299	8755
4299	6674
4299	4385
4299	4382
4299	4381
4493	11253
4493	4904
4381	12839
4381	12824
1180	7678
2282	7950
3405	5577
1563	13140
1563	11487
1563	7950
3405	7678
2282	7678
3857	12592
3857	9759
3857	9194
3857	4597
3857	4119
3857	3863
3857	3861
3852	3857
4857	10115
4138	4857
3861	12592
4383	12823
4383	9194
2620	9972
3863	12723
3863	12482
3863	12164
3863	11818
3863	11733
3863	10787
3863	10568
3863	10166
3863	9575
3863	8772
3863	6838
3863	6768
3863	6613
3863	5662
3863	5295
3863	5178
3863	4859
3863	4597
3863	4119
469	12968
469	12867
469	12551
469	11808
469	11404
469	10579
469	10301
469	9948
469	9417
469	6821
469	6409
2620	12666
3858	9364
3002	9364
1717	9759
1717	3857
2683	11292
2683	9276
2683	3190
1671	11969
3858	13137
3858	12666
3858	12570
3858	12202
3858	11678
3858	11423
3858	9972
3858	9276
3858	9215
3858	8927
3858	5335
3858	5286
4119	12592
4119	6390
4118	4119
3861	4119
4136	12570
4119	12570
4116	12570
3863	12570
3861	12570
3857	12570
3852	12570
1717	12570
1671	12570
211	13137
211	12666
211	12570
211	9972
211	3858
2620	12165
2620	8228
3190	11292
3190	9276
3299	11179
3299	8622
4118	11179
4118	9474
3895	12488
3895	10667
3895	9990
3895	9474
3895	6665
3895	10579
3863	9194
3852	9194
4137	10115
4137	4857
4119	4137
3118	9194
3118	4383
3852	8688
3852	4119
3852	3863
2620	13137
4118	11327
4118	7592
4118	6390
574	8558
574	8469
1120	8561
3072	10450
968	13149
968	12367
968	12066
968	11646
968	10575
968	10450
968	8561
968	8439
968	5177
968	5102
968	3692
968	3072
1511	10575
2842	12690
2842	11019
2842	10066
2842	5261
2842	5249
2842	5237
2842	5168
2842	5085
2842	12066
3072	8469
968	8469
3692	8439
2498	13249
2498	12889
2498	12476
2498	12267
2498	12258
2498	12256
2498	11835
2498	11608
2498	11442
2498	11126
2498	11079
2498	10822
2498	9522
2498	8661
2498	8319
2498	7051
2498	7014
2498	6919
2498	6365
2498	6079
2498	3020
2498	2537
2219	11835
1824	11835
2537	12258
2537	12256
2537	8319
2537	6365
3387	12889
2210	12889
733	12889
1736	7014
1462	8661
2210	13249
733	13249
613	9032
613	6204
613	5888
2392	9032
1462	9032
9	13249
9	12889
9	11835
9	10649
9	9522
9	6932
9	5410
9	2498
9	2226
2537	9522
2210	9522
1462	9522
733	9522
2537	10822
2392	10680
2226	13249
2226	12889
2226	12825
2226	12756
2226	12476
2226	11835
2226	11574
2226	11301
2226	9701
2226	9522
2226	8661
2226	8321
2226	7812
2226	6903
2226	6893
2226	2498
2210	2226
733	2226
1462	12749
1462	12674
1462	11442
1462	11261
1462	10822
1462	10680
1462	9509
1462	9283
1462	9234
1462	8262
1462	8209
1462	8116
1462	6797
1462	6527
1462	5842
1462	2392
733	12756
733	11301
733	8661
2965	10660
2965	7641
2965	9561
726	12738
726	9729
726	8742
726	7641
2603	13004
2603	10660
2603	7593
2603	7559
2603	7547
2603	5263
2965	10061
2965	8024
2965	7695
2965	7637
2965	7579
2965	7556
2965	7534
3996	10498
474	12030
474	11098
474	10498
474	9993
474	9582
474	6338
474	6066
3996	11923
3996	10879