9	13249
9	12889
9	11835
9	10649
9	9522
9	6932
9	5410
2537	9522
2498	9522
2226	9522
2210	9522
1462	9522
733	9522
2498	11835
2226	11835
2219	11835
1824	11835
3387	12889
2498	12889
2226	12889
2210	12889
733	12889
2498	13249
2226	13249
2210	13249
733	13249
423	12296
423	11784
423	9834
423	5937
2210	5937
1315	5937
2210	9834
1315	9834
2210	12296
1315	12296
2366	11784
2210	11784
1768	11784
1604	11784
1315	11784
6052	9032
2392	9032
1462	9032
625	13064
625	12841
625	11343
625	10891
625	10587
625	10467
625	8507
625	8333
625	8261
625	7494
625	6580
625	5718
1782	5718
1604	5718
1315	5718
1604	7494
1315	7494
1249	8507
4270	10587
1249	12841
1249	13064
733	12756
733	11301
733	8661
2498	8661
2226	8661
2210	8661
1462	8661
2226	11301
2210	11301
2226	12756
2210	12756
856	12847
856	12596
856	11036
856	5760
1604	11036
1249	12929
1249	12919
1249	12248
1249	11218
1249	9816
1249	9724
1249	9226
1249	8427
1249	7515
1249	7449
1249	7387
1249	7297
1249	6670
1249	6556
1462	12749
1462	12674
1462	11442
1462	11261
1462	10822
1462	10680
1462	9509
1462	9283
1462	9234
1462	8262
1462	8209
1462	8116
1462	6797
1462	6527
1462	5842
2392	10680
2537	10822
2498	10822
2498	11442
1604	11442
1604	12479
1604	12204
1604	11840
1604	5720
1604	5034
1736	7014
2498	7014
2226	12825
2226	12476
2226	11574
2226	9701
2226	8321
2226	7812
2226	6903
2226	6893
2498	12476
2498	12267
2498	12258
2498	12256
2498	11608
2498	11126
2498	11079
2498	8319
2498	7051
2498	6919
2498	6365
2498	6079
2537	6365
2537	8319
2537	12256
2537	12258
3387	8089
4364	9761
4186	9761
4153	9761
4025	9761
1102	9761
4826	9235
4707	9235
4594	9235
4584	9235
4580	9235
4272	9235
4044	9235
3632	9235
3388	9235
3231	9235
3170	9235
2744	9235
1043	9235
1019	9235
971	9235
969	9235
758	9235
441	9235
115	9235
70	13232
70	13093
70	9584
70	9322
70	8616
70	8545
70	7258
70	7136
70	7134
70	7105
70	7098
70	7012
70	6170
70	5804
70	5665
374	70
1361	5665
1361	7134
3414	8545
2515	8545
2423	8545
1361	8616
4826	9322
4594	9322
4364	9322
4186	9322
4025	9322
3834	9322
3801	9322
3104	9322
2515	9322
1122	9322
1102	9322
2320	13232
4824	5940
4594	5940
4584	5940
4349	5940
4283	5940
4272	5940
4044	5940
3765	5940
3632	5940
3389	5940
3231	5940
3200	5940
3170	5940
3078	5940
2633	5940
758	5940
441	5940
4594	6806
4584	6806
4272	6806
4044	6806
3632	6806
3388	6806
3231	6806
3230	6806
1132	6806
441	6806
4594	7031
4584	7031
4349	7031
4283	7031
4272	7031
4185	7031
4044	7031
3765	7031
3762	7031
3632	7031
3389	7031
3388	7031
3231	7031
3230	7031
3170	7031
3078	7031
2633	7031
758	7031
441	7031
4826	7067
4824	7067
4594	7067
4498	7067
4283	7067
4272	7067
4044	7067
4017	7067
4015	7067
3624	7067
3406	7067
3388	7067
3230	7067
3200	7067
3170	7067
3078	7067
3029	7067
2677	7067
2634	7067
2590	7067
2144	7067
2114	7067
1132	7067
971	7067
969	7067
758	7067
441	7067
185	7067
4963	7092
4707	7092
4584	7092
4154	7092
4015	7092
3838	7092
3658	7092
3388	7092
3231	7092
3200	7092
3104	7092
3078	7092
2634	7092
2114	7092
1720	7092
1603	7092
971	7092
4826	7143
4594	7143
4584	7143
4498	7143
4349	7143
4272	7143
4185	7143
4017	7143
4015	7143
3765	7143
3406	7143
3388	7143
3231	7143
3200	7143
3170	7143
3029	7143
2634	7143
2590	7143
2144	7143
971	7143
441	7143
264	7143
4826	8754
4594	8754
4584	8754
4364	8754
4186	8754
4025	8754
3834	8754
3801	8754
3104	8754
1122	8754
1102	8754
4594	9434
4584	9434
4272	9434
4044	9434
3632	9434
3388	9434
3231	9434
3230	9434
3200	9434
2792	9434
969	9434
441	9434
4699	9449
4594	9449
4584	9449
4498	9449
4349	9449
4283	9449
4272	9449
4262	9449
4190	9449
4185	9449
4017	9449
4015	9449
4013	9449
3805	9449
3765	9449
3628	9449
3624	9449
3406	9449
3389	9449
3200	9449
3170	9449
3104	9449
3078	9449
3029	9449
2887	9449
2634	9449
2633	9449
2590	9449
2144	9449
2114	9449
1360	9449
1019	9449
971	9449
969	9449
758	9449
441	9449
345	9449
264	9449
185	9449
4594	9461
4584	9461
4272	9461
4025	9461
3632	9461
3406	9461
3388	9461
3231	9461
3230	9461
3200	9461
3104	9461
969	9461
441	9461
4824	9857
4594	9857
4584	9857
4492	9857
4349	9857
4272	9857
4044	9857
4015	9857
3632	9857
3231	9857
3230	9857
3200	9857
3170	9857
3029	9857
2634	9857
2069	9857
969	9857
441	9857
264	9857
4826	10444
4723	10444
4700	10444
4594	10444
4364	10444
4025	10444
3834	10444
3801	10444
3758	10444
3653	10444
3104	10444
1122	10444
969	10444
862	10444
441	10444
4886	10451
4824	10451
4594	10451
4584	10451
4492	10451
4284	10451
4272	10451
4155	10451
4044	10451
3762	10451
3632	10451
3388	10451
3231	10451
3200	10451
441	10451
4594	11118
4584	11118
4272	11118
4044	11118
3632	11118
3231	11118
441	11118
4886	11498
4594	11498
4584	11498
4492	11498
4284	11498
4272	11498
4155	11498
4044	11498
3762	11498
3632	11498
3231	11498
3230	11498
2069	11498
441	11498
4824	11817
4594	11817
4584	11817
4272	11817
4044	11817
3762	11817
3632	11817
3388	11817
3231	11817
3230	11817
3200	11817
969	11817
561	11817
441	11817
4826	12019
969	12019
441	12019
4584	12263
4272	12263
3406	12263
3104	12263
441	12263
4886	12330
4826	12330
4594	12330
4492	12330
4284	12330
4272	12330
4155	12330
3762	12330
3632	12330
3388	12330
3231	12330
3230	12330
3200	12330
2069	12330
969	12330
441	12330
4832	12477
4826	12477
4594	12477
4186	12477
4025	12477
3834	12477
3801	12477
3104	12477
1122	12477
4963	8462
4703	8462
4699	8462
4498	8462
4349	8462
4283	8462
4265	8462
4262	8462
4154	8462
4017	8462
4015	8462
3838	8462
3805	8462
3765	8462
3624	8462
3406	8462
3170	8462
3078	8462
3029	8462
2634	8462
2633	8462
2590	8462
2144	8462
2114	8462
1121	8462
1019	8462
971	8462
965	8462
758	8462
264	8462
185	8462
185	12224
185	11435
185	10889
185	10253
185	10010
185	9881
185	9586
185	9487
185	8703
4498	8703
4283	8703
4017	8703
4015	8703
3624	8703
3170	8703
3078	8703
3029	8703
2887	8703
2634	8703
1360	8703
971	8703
758	8703
345	8703
4498	9487
4283	9487
4017	9487
4015	9487
4013	9487
3624	9487
3406	9487
3170	9487
3078	9487
3029	9487
2887	9487
2634	9487
2590	9487
2144	9487
1360	9487
971	9487
758	9487
345	9487
264	9487
4699	9881
4498	9881
4349	9881
4283	9881
4262	9881
4017	9881
4016	9881
4015	9881
3765	9881
3624	9881
3393	9881
3389	9881
3170	9881
3148	9881
3114	9881
3078	9881
3029	9881
2887	9881
2677	9881
2634	9881
2633	9881
2590	9881
2114	9881
1360	9881
1019	9881
971	9881
758	9881
345	9881
4498	10010
4283	10010
4265	10010
4017	10010
4015	10010
3805	10010
3624	10010
3406	10010
3170	10010
3114	10010
3078	10010
3029	10010
2634	10010
2114	10010
1867	10010
1486	10010
1360	10010
1121	10010
971	10010
965	10010
758	10010
408	10010
4498	10253
4283	10253
4017	10253
4015	10253
3624	10253
3389	10253
3170	10253
3078	10253
3029	10253
2634	10253
2633	10253
1043	10253
971	10253
758	10253
4265	10889
4017	10889
4016	10889
3029	10889
11383	12224
4498	12224
4283	12224
4017	12224
4015	12224
3624	12224
3406	12224
3170	12224
3078	12224
3029	12224
2677	12224
2634	12224
2114	12224
971	12224
758	12224
264	12906
264	11331
264	11142
264	9768
264	8621
264	5145
4015	5145
4013	5145
3406	5145
2634	5145
1360	5145
4594	8621
4478	8621
4349	8621
4044	8621
4015	8621
3388	8621
3230	8621
3170	8621
3029	8621
2634	8621
1132	8621
4349	9768
4015	9768
3170	9768
3029	9768
2634	9768
4349	11142
4153	11142
4015	11142
3170	11142
3029	11142
2634	11142
2114	11142
1815	11142
1526	11142
4832	11331
4826	11331
4594	11331
4492	11331
4364	11331
4349	11331
4272	11331
4015	11331
3762	11331
3230	11331
3170	11331
3029	11331
2634	11331
971	12906
4963	12906
4498	12906
4378	12906
4283	12906
4017	12906
4016	12906
4015	12906
3805	12906
3765	12906
3624	12906
3406	12906
3389	12906
3170	12906
3148	12906
3114	12906
3078	12906
2634	12906
2633	12906
2590	12906
2472	12906
2144	12906
2114	12906
971	12906
758	12906
4185	9480
3762	9480
3230	9480
969	9480
408	12561
408	12119
408	12101
408	11986
408	11966
408	9585
408	9216
408	5741
4981	5741
4498	5741
4371	5741
4349	5741
4262	5741
4017	5741
4016	5741
4015	5741
3805	5741
3765	5741
3628	5741
3624	5741
3389	5741
3170	5741
3148	5741
3114	5741
3078	5741
2634	5741
2633	5741
2590	5741
2114	5741
1360	5741
971	5741
758	5741
4371	9216
4015	9216
3389	9216
3078	9216
2633	9216
4498	9585
4371	9585
4349	9585
4261	9585
4016	9585
4015	9585
3838	9585
3624	9585
3389	9585
3170	9585
3114	9585
3078	9585
2634	9585
2633	9585
2590	9585
1360	9585
971	9585
758	9585
4963	11966
4371	11966
4154	11966
4153	11966
4015	11966
3838	11966
3389	11966
3078	11966
2634	11966
2633	11966
2114	11966
971	11966
4886	11986
4594	11986
4584	11986
4492	11986
4349	11986
4284	11986
4272	11986
4155	11986
4015	11986
3834	11986
3765	11986
3762	11986
3632	11986
3388	11986
3231	11986
2633	11986
1871	11986
1360	11986
969	11986
441	11986
4015	12101
3834	12101
1360	12101
4349	12561
4015	12561
3838	12561
3389	12561
1591	12561
1360	12561
971	12561
441	12497
441	12272
441	12178
441	11479
441	10979
441	10872
441	10367
441	7050
4826	7050
4594	7050
4025	7050
3388	7050
3230	7050
3200	7050
969	7050
4826	10872
4594	10872
4584	10872
4492	10872
4272	10872
4190	10872
4185	10872
3762	10872
3659	10872
3632	10872
3388	10872
3231	10872
3230	10872
3200	10872
2114	10872
969	10872
4594	10979
4044	10979
4594	11479
4272	11479
4044	11479
3388	11479
4594	12272
4044	12272
717	5026
4261	5026
4017	5026
2114	5026
758	13130
758	12626
758	12458
758	12133
758	12043
758	11996
758	11990
758	11989
758	11101
758	10776
758	10753
758	10055
758	9951
758	9845
758	9340
758	8919
758	8655
758	8465
758	8070
758	6782
758	6164
758	6136
758	5854
758	5812
758	5780
4498	6164
4015	6164
3170	6164
3078	6164
2114	6164
971	6164
4015	6782
4498	8465
3078	8465
2114	8465
4703	8655
4498	8655
4371	8655
4017	8655
3805	8655
3624	8655
3406	8655
3170	8655
3114	8655
3078	8655
2633	8655
2590	8655
2144	8655
971	8655
965	8655
4699	8919
4594	8919
4584	8919
4498	8919
4349	8919
4262	8919
3765	8919
3632	8919
3624	8919
3389	8919
3200	8919
3114	8919
3078	8919
2634	8919
2633	8919
2590	8919
2114	8919
1871	8919
1360	8919
1019	8919
971	8919
4015	9845
3624	9845
3389	9845
3170	9845
3078	9845
2633	9845
4594	10055
4584	10055
4261	10055
4016	10055
3838	10055
3624	10055
3389	10055
3170	10055
3148	10055
3114	10055
3078	10055
2114	10055
1591	10055
971	10055
969	10055
4017	10776
3393	10776
2677	10776
4262	11989
3628	11989
3170	11989
4349	11990
4016	11990
3170	11990
3078	11990
2590	11990
971	11990
4349	11996
4261	11996
4016	11996
3624	11996
3170	11996
3078	11996
2590	11996
971	11996
4190	12458
3659	12458
2114	12458
1486	12458
969	9835
969	8581
4594	9835
4584	9835
4371	9835
3406	9835
2634	9835
2590	9835
1526	9835
971	13225
971	13036
971	11874
971	11087
971	10438
971	9833
971	9558
971	8388
971	8382
971	5035
971	5015
4963	8382
4154	8382
4015	8382
3838	8382
3078	8382
2634	8382
2558	8382
2114	8382
4963	8388
4886	8388
4498	8388
4155	8388
3624	8388
2114	8388
4498	9833
4015	9833
3765	9833
3624	9833
2634	9833
2633	9833
4498	11087
4349	11087
4017	11087
3406	11087
2633	11087
2590	11087
2144	11087
4699	13036
4498	13036
4349	13036
4262	13036
4190	13036
4017	13036
4015	13036
3805	13036
3765	13036
3659	13036
3624	13036
3389	13036
2634	13036
2633	13036
2590	13036
2114	13036
1019	13036
2114	11232
2114	10873
2114	9506
2114	9366
1102	12864
1102	11345
1102	7674
1102	5979
4832	5979
4826	5979
4700	5979
4364	5979
4186	5979
4025	5979
4364	11345
4186	11345
4025	11345
1122	11347
1122	9564
4826	9564
4594	9564
3834	9564
3801	9564
3104	9564
4826	11347
4700	11347
4594	11347
4364	11347
3834	11347
3801	11347
3653	11347
3104	11347
2853	11347
1132	9488
4594	9488
4044	9488
3388	9488
3230	9488
1361	7168
1361	7164
1526	11920
3624	11920
1534	11979
1815	11979
1815	12729
1815	12412
4349	12412
4153	12412
3624	12412
1871	12748
1871	8383
2590	12748
4826	6088
4186	6088
4025	6088
4981	9366
4283	9366
4015	9366
3406	9366
2677	9366
4498	11232
4013	11232
3624	11232
3114	11232
3078	11232
2515	13087
2515	6235
2673	13087
2673	11779
2853	13108
2853	11235
2887	5013
4955	5013
4589	5013
3599	5013
3029	8609
3104	10620
3170	5722
3659	5722
3230	12347
4594	12347
4492	12347
4272	12347
3762	12347
3231	9760
4185	12497
3200	12497
3388	6073
3599	8965
4955	8965
3758	13078
3758	12085
3758	11478
3758	10471
3758	9901
3758	6940
4364	6940
4186	6940
4826	10471
4594	10471
4584	10471
4492	10471
4364	10471
4186	10471
4025	10471
4826	11478
4594	11478
4364	11478
4186	11478
4364	13078
4186	13078
3801	9068
4594	9068
3834	9068
4015	11355
4015	5573
4017	10398
4017	5027
4025	10071
4025	8487
4025	8466
4025	8386
4025	7693
4826	7693
4594	7693
4364	7693
4186	8466
4832	8487
4826	8487
4700	8487
4186	8487
4967	10071
4826	10071
4186	10071
4017	5035
3838	5035
3389	5035
1591	5035
4166	8270
4166	8238
4364	8270
4186	8781
4186	7545
4186	5036
4190	11090
4349	5028
4364	9513
4826	9513
4594	9513
4589	12773
4589	12424
4589	9704
4589	8886
4700	9867
4832	9867
4832	11515
4955	12392
4955	7555
4968	8325
3624	8325
3406	8325
3393	8325
3114	8325
2114	8325
1486	8325
1121	8325
4378	11655
4153	11655
3624	11655
3560	11655
3406	11655
3394	11655
3288	11655
1019	11655
4699	8117
4498	8117
4371	8117
4017	8117
4015	8117
4013	8117
3805	8117
3406	8117
3389	8117
3078	8117
2634	8117
2633	8117
2590	8117
2114	8117
1360	8117
1121	8117
1109	8117
971	8117
758	8117
639	8117
408	8117
264	8117
171	7108
4968	7108
4811	7108
4808	7108
4581	5812
4498	5812
4265	5812
3805	5812
3406	5812
2114	5812
1867	5812
1486	5812
971	5812
965	5812
1121	12013
1121	9337
965	12880
965	11508
965	11221
965	10423
965	8717
4358	12880
4265	12880
4015	12880
3838	12880
3805	12880
3624	12880
3406	12880
3389	12880
3170	12880
3114	12880
2633	12880
2632	12880
2114	12880
1992	12880
1591	12880
1486	12880
1121	12880
971	12880
4110	5015
3624	5015
3406	5015
3389	5015
3170	5015
1486	5015
1145	9367
4498	11454
4378	11454
3805	11454
3560	11454
3406	11454
3288	11454
2472	11454
3624	9337
3406	9337
3114	9337
2114	9337
1486	9337
4964	12013
4581	12013
4498	12013
4378	12013
4154	12013
4153	12013
3805	12013
3624	12013
3406	12013
3393	12013
3114	12013
2114	12013
1486	12013
4963	13130
4703	13130
4498	13130
4378	13130
4358	13130
4349	13130
4261	13130
4154	13130
4017	13130
4016	13130
4015	13130
3838	13130
3805	13130
3624	13130
3406	13130
3393	13130
3389	13130
3170	13130
3114	13130
3078	13130
2677	13130
2634	13130
2633	13130
2632	13130
2590	13130
2472	13130
2144	13130
2114	13130
1486	13130
971	13130
965	13130
1992	11633
1992	9507
8170	9507
4358	9507
4265	9507
4015	9507
3406	9507
2634	9507
2633	9507
2632	9507
4358	11633
4265	11633
4015	11633
2633	11633
2632	11633
4153	9217
3406	9217
4581	8383
4358	8383
3406	8383
2590	8383
2632	9844
4498	9844
4358	9844
3406	9844
3114	9844
3078	9844
3394	8970
3624	8970
3560	8970
4358	6939
4963	7053
4154	7053
4153	7053
4358	8918
4498	12626
4358	12626
4265	12626
4015	12626
3805	12626
3406	12626
2114	12626
1867	12626
1486	12626
971	12626
965	12626
4358	11080
4964	6142
4581	6142
4498	6142
4154	6142
4153	6142
4110	10073
4110	6982
4110	6173
4110	5260
4154	12018
4498	10423
4265	10423
3805	10423
3624	10423
3406	10423
3389	10423
3170	10423
2633	10423
2114	10423
1867	10423
1486	10423
971	10423
3406	11441
3406	11080
3406	10993
3406	8918
3406	7053
3406	6939
4808	9034
4808	6710
4811	6710
4811	10984
4811	10210
4963	10993
4154	10993
4153	10993
2472	7117
3805	6142
4703	9340
3805	9340
3406	9340
3170	9340
3805	11508
3624	11508
3406	11508
3170	11508
2633	11508
971	11508
4371	11441
4964	11221
4963	11221
4699	11221
4581	11221
4498	11221
4358	11221
4349	11221
4292	11221
4262	11221
4154	11221
4153	11221
4017	11221
4015	11221
3838	11221
3805	11221
3765	11221
3624	11221
3406	11221
3389	11221
3170	11221
3078	11221
2634	11221
2633	11221
2590	11221
2114	11221
1486	11221
1215	11221
1019	11221
971	11221
4498	9586
4358	9586
4265	9586
4015	9586
3805	9586
3624	9586
3406	9586
3170	9586
3029	9586
2633	9586
2632	9586
2114	9586
1992	9586
1867	9586
1486	9586
971	9586
965	9586
4963	9951
4703	9951
4154	9951
4153	9951
3838	9951
3805	9951
3406	9951
3389	9951
3170	9951
1591	9951
971	9951
4699	8717
4498	8717
4349	8717
4265	8717
4262	8717
3838	8717
3805	8717
3765	8717
3624	8717
3406	8717
3389	8717
3114	8717
2633	8717
2590	8717
2114	8717
1867	8717
1591	8717
1486	8717
1121	8717
1019	8717
971	8717
162	12961
162	12584
162	8950
162	8462
162	8117
162	7482
162	6446
3624	9558
3406	9558
3389	9558
3170	9558
1486	9558
3624	13225
3406	13225
3389	13225
3170	13225
1486	13225
4963	5854
4498	5854
4371	5854
4265	5854
4154	5854
4153	5854
4015	5854
3838	5854
3805	5854
3765	5854
3624	5854
3406	5854
3389	5854
3078	5854
2634	5854
2633	5854
2114	5854
1867	5854
1486	5854
971	5854
965	5854
4358	10753
4017	10753
3406	10753
3393	10753
2677	10753
2632	10753
4964	11101
4581	11101
4498	11101
4262	11101
4154	11101
4153	11101
4017	11101
3805	11101
3765	11101
3628	11101
3624	11101
3406	11101
3389	11101
3170	11101
3114	11101
3078	11101
2114	11101
1486	11101
971	11101
4153	12018
3406	6446
1121	6446
971	6446
758	6446
264	6446
4963	8950
4726	8950
4498	8950
4378	8950
4371	8950
4283	8950
4265	8950
4154	8950
4153	8950
4015	8950
3805	8950
3765	8950
3624	8950
3406	8950
3389	8950
3170	8950
3114	8950
3078	8950
2634	8950
2633	8950
2114	8950
1867	8950
1486	8950
1121	8950
971	8950
965	8950
758	8950
408	8950
264	8950
3406	7482
2114	7482
1486	7482
1360	7482
1121	7482
971	7482
758	7482
264	7482
4726	12133
4699	12133
4616	12133
4498	12133
4349	12133
4283	12133
4265	12133
4262	12133
4015	12133
3838	12133
3805	12133
3765	12133
3624	12133
3406	12133
3389	12133
3170	12133
3114	12133
3078	12133
2633	12133
2590	12133
2114	12133
1867	12133
1591	12133
1486	12133
1019	12133
971	12133
965	12133
4699	5780
4498	5780
4378	5780
4358	5780
4357	5780
4349	5780
4262	5780
4017	5780
3838	5780
3765	5780
3628	5780
3624	5780
3406	5780
3170	5780
3114	5780
2633	5780
2632	5780
2590	5780
2472	5780
2114	5780
1019	5780
971	5780
4963	11435
4703	11435
4498	11435
4378	11435
4371	11435
4358	11435
4265	11435
4262	11435
4154	11435
4017	11435
4016	11435
4015	11435
3838	11435
3805	11435
3624	11435
3406	11435
3389	11435
3170	11435
3148	11435
3114	11435
3078	11435
2634	11435
2633	11435
2632	11435
2590	11435
2472	11435
2144	11435
2114	11435
1992	11435
1486	11435
1360	11435
971	11435
758	11435
408	11435
4968	6232
4963	6232
4726	6232
4498	6232
4349	6232
4283	6232
4153	6232
4015	6232
3805	6232
3765	6232
3624	6232
3406	6232
3389	6232
3170	6232
3114	6232
3078	6232
2633	6232
2114	6232
1486	6232
1121	6232
971	6232
758	6232
21	11655
21	9761
21	9217
21	8325
21	6232
4015	8070
3560	8070
3406	8070
3389	8070
3170	8070
3078	8070
2633	8070
4726	12961
4699	12961
4498	12961
4349	12961
4283	12961
4265	12961
4262	12961
4015	12961
3805	12961
3765	12961
3624	12961
3406	12961
3389	12961
3170	12961
3114	12961
3078	12961
2633	12961
2590	12961
2114	12961
1867	12961
1486	12961
1121	12961
1019	12961
971	12961
965	12961
758	12961
264	12961
1019	11454
1019	9367
4726	12584
4703	12584
4699	12584
4498	12584
4378	12584
4349	12584
4283	12584
4265	12584
4262	12584
4016	12584
4015	12584
3805	12584
3765	12584
3624	12584
3406	12584
3389	12584
3170	12584
3114	12584
3078	12584
3029	12584
2634	12584
2633	12584
2590	12584
2472	12584
2114	12584
1867	12584
1486	12584
1121	12584
1019	12584
971	12584
965	12584
758	12584
264	12584
185	12584
4262	6136
3628	6136
3170	6136
1724	6136
3805	10873
3628	10873
3389	10873
3170	10873
4498	12119
4349	12119
4265	12119
4017	12119
4015	12119
3838	12119
3805	12119
3624	12119
3406	12119
3389	12119
3170	12119
3114	12119
3078	12119
2114	12119
1867	12119
1591	12119
1486	12119
1360	12119
971	12119
965	12119
4964	10936
4963	10936
4703	10936
4584	10936
4581	10936
4498	10936
4378	10936
4358	10936
4349	10936
4283	10936
4272	10936
4265	10936
4154	10936
4153	10936
3805	10936
3765	10936
3628	10936
3624	10936
3560	10936
3406	10936
3389	10936
3288	10936
3170	10936
3104	10936
3078	10936
2633	10936
2632	10936
2114	10936
1867	10936
1486	10936
1121	10936
1019	10936
971	10936
965	10936
758	10936
441	10936
264	10936
162	10936
4265	9760
3805	9760
3838	12043
4262	9375
23	13098
23	12986
23	11341
23	10146
23	9839
23	8429
23	6241
1472	8429
1472	9839
1212	9839
1472	10146
1212	10146
2536	11341
1472	11341
751	11341
1968	12986
1472	12986
955	12986
1472	13098
103	11425
103	10779
103	10505
103	7897
103	6123
2800	6123
3846	10779
519	13055
519	10933
2490	10933
1212	10933
623	6999
1763	6999
784	6999
751	7006
784	6251
1799	6251
1042	10365
1042	7798
1042	7231
1042	6206
1042	6188
1799	6188
1799	6206
2787	7798
1212	10365
1212	13084
1212	11543
1212	9574
1212	8656
1212	7705
1212	6960
4394	12106
4367	12106
4256	12106
4217	12106
3909	12106
1472	13184
1472	12964
1472	12543
1472	10596
1472	9860
1472	9499
1472	8013
1472	7158
3127	9499
1799	11780
1799	11697
1799	10416
1799	9787
1799	7845
1799	6189
2706	9787
2317	8527
3081	8527
2490	8527
2490	6698
2536	13258
2536	12341
2536	9565
2536	8536
2536	6656
3846	9565
4367	12341
2787	12622
2787	10171
2787	8723
2787	7727
3846	10991
3846	10420
4217	10034
4217	9122
4394	10034
4367	13083
4367	10403
4367	5365
3909	10988
3909	6112
4367	6392
3824	6392
4367	12399
3824	12399
3006	12399
737	12399
1246	12106
1246	11936
1246	10197
3006	12701
3006	12349
3006	11786
3006	8448
3006	6392
3127	6241
2977	6241
1472	6241
1212	6241
3006	12800
4367	6052
3824	6052
3006	6052
2464	6052
2464	7802
1551	9574
2509	12800
2509	9420
2509	6481
2509	5929
1079	8547
1079	8303
1079	6052
106	12924
106	12858
106	12082
106	11451
106	11145
106	11136
106	10835
106	10428
106	10279
106	10235
106	10223
106	10183
106	9837
106	9810
106	9088
106	8932
106	8768
106	8578
106	8132
106	8092
106	7723
106	7638
106	7253
106	6873
106	6166
106	5782
106	5206
227	6166
227	7253
227	7638
227	7723
227	8092
227	8132
227	8578
227	8768
227	8932
227	9088
227	9810
2668	9837
1017	9837
227	9837
156	9837
227	10183
3894	10223
227	10235
227	10279
227	10428
227	10835
227	11136
227	11145
227	12082
227	12858
429	13205
429	13106
429	9843
429	7654
1551	7654
1652	9843
1551	9843
1551	13106
6204	10416
1111	11577
1111	9920
1111	7024
12659	9920
1551	9920
1551	12747
1551	11015
1551	10815
1551	7952
1551	7813
1551	7155
1551	6767
4270	12659
4270	12285
4270	8252
4270	7270
4270	6672
4270	6653
613	9032
613	6204
613	5888
3894	12089
3894	11445
3894	10499
3894	10328
3894	8259
3894	7501
4270	7387
25	11611
25	9491
25	9136
25	8810
25	8305
25	6657
25	5925
25	5910
25	5878
71	5878
71	5925
71	8810
71	13139
71	12946
71	10326
71	9497
71	5956
71	5939
71	5828
71	5815
2349	9497
2349	10326
4787	9788
4785	9788
2654	9788
462	9788
2586	12629
2586	9798
2586	6048
45	11823
45	9654
45	9235
45	8384
45	6085
45	5905
4707	5905
4580	5905
3766	5905
2744	5905
4886	6085
4450	6085
4185	6085
4155	6085
3766	6085
3658	6085
1601	6085
4450	8384
4190	8384
4185	8384
3766	8384
3658	8384
4980	9654
4978	9654
4707	9654
4580	9654
3766	9654
3651	9654
2744	9654
115	9654
4450	11823
4185	11823
3766	11823
3658	11823
115	12477
115	12330
115	12263
115	12019
115	11817
115	11754
115	11498
115	11118
115	10936
115	10451
115	10444
115	9857
115	9739
115	9461
115	9449
115	9434
115	9428
115	9132
115	8754
115	8467
115	7143
115	7092
115	7067
115	7031
115	6806
115	6088
115	5940
115	5813
5312	115
4707	5813
11383	9132
4707	9132
2258	9132
1768	9132
801	9132
4707	9428
4263	9428
3868	9428
3658	9428
3396	9428
426	9428
4707	11754
426	10126
426	9258
426	7609
426	6087
3868	6087
4594	8467
4584	8467
4272	8467
4044	8467
3632	8467
3231	8467
1601	8467
441	8467
274	9480
4726	9462
4284	8504
4886	12178
4594	12178
4492	12178
4284	12178
4272	12178
4155	12178
3762	12178
3632	12178
1601	9451
1601	6068
4723	6068
3834	6068
3801	6068
3766	6068
3653	6068
2258	6139
3147	8753
3147	6171
3651	6171
3396	9427
3396	9338
3396	8389
3626	9320
4155	9320
3651	10310
3651	9994
3651	9842
3651	6194
3651	6137
4473	9842
4978	10310
3766	10310
3658	10072
3658	8385
4888	8385
3766	10564
3766	8977
3766	6076
4155	12600
4155	10421
4155	9918
4155	9462
4155	9445
4155	6069
4252	6069
4578	9918
4578	10421
4578	12600
4263	10733
4263	9501
4263	6176
4473	10557
4473	10288
4578	6070
4980	12983
4980	10964
5312	11383
5312	7803
7467	5312
8150	5312
4826	8386
4580	8386
4886	13203
4492	9739
4025	9739
4726	9445
935	12715
935	11767
935	10951
935	7543
935	6497
935	6442
935	6361
773	11813
773	8600
269	10524
269	9079
269	7443
1959	10524
280	12932
280	12067
280	11881
280	10771
280	10350
280	10011
280	8993
280	8640
280	8289
280	7658
280	7166
280	7160
280	6977
280	6912
280	6853
280	6850
280	6849
280	6842
280	6836
280	6835
280	6832
280	6819
280	6802
280	6780
280	6779
280	6770
280	5674
2491	5674
7467	6819
1060	6819
2302	6842
2491	6853
2302	6853
2302	6977
2491	7160
2302	7166
2491	7658
2491	10350
2491	11881
2302	11881
2070	12932
1060	13111
1060	12300
1060	6953
6953	2302
6953	1959
6953	6953
6464	10752
7945	6464
3848	6442
1630	13025
1630	10281
1630	7661
1630	6250
1630	6021
1630	5953
3737	8600
4275	13041
4275	12188
8150	7661
1765	7661
3848	11793
935	11793
4275	11410
1765	12869
1765	11718
1765	7649
1765	7197
1765	6947
1765	6457
2045	6947
2045	12869
1959	9722
1959	7965
1959	7945
2045	10174
2045	7129
2070	12915
2070	12913
2302	11035
2302	9542
2302	8954
2302	6904
4218	9722
2491	11842
2491	8594
728	11793
728	11565
728	11410
728	11167
728	10244
728	10243
728	10216
728	8288
728	6350
728	6294
728	6293
2781	13260
2781	10233
2781	6675
4218	12982
4218	12754
4218	12750
4218	12574
4218	11865
4218	11628
4218	10788
4218	9555
4218	8876
4218	8332
4218	6971
4218	6692
4218	6534
4218	6228
4218	6213
4218	6102
4218	6006
4218	6004
4218	5986
4218	5714
4275	6293
3737	11813
1198	11813
51	8994
51	12639
51	12171
51	12126
51	12063
51	11870
51	11642
51	11521
51	11387
51	11195
51	11176
51	10258
51	10015
51	9790
51	9557
51	9252
51	9231
51	9121
51	8930
51	8752
51	8680
51	8251
51	8224
51	7968
51	7839
51	7777
51	7755
51	7714
51	7660
51	7646
51	6201
51	5978
51	5967
4081	7839
2058	8680
767	8680
4081	9231
2896	9231
2049	9790
4081	9790
2896	9790
4081	10258
2896	10258
4081	11642
4081	12063
1627	12126
4397	12171
4081	12171
2896	12171
94	10996
94	9583
94	9376
94	8875
94	6387
3855	9583
2960	9583
2008	9583
150	11500
150	10797
150	9774
150	9364
150	6955
150	6364
4382	6364
4382	6955
2961	6955
4382	9364
4299	9364
3858	9364
3002	9364
4382	9774
4299	9774
4382	10797
4382	11500
4299	11500
211	13137
211	12666
211	12570
211	9972
3858	9972
2620	9972
4136	12570
4119	12570
4116	12570
3863	12570
3861	12570
3858	12570
3857	12570
3852	12570
1717	12570
1671	12570
3858	12666
2620	12666
3858	13137
2620	13137
389	12936
389	9915
389	8971
389	7698
4958	7698
2517	7698
2355	7698
2133	7698
2517	8971
2355	8971
2133	8971
9915	12837
12184	9915
12837	9915
2517	9915
2355	9915
2517	12936
2355	12936
2133	12936
402	12981
402	9432
402	9336
402	9124
402	8858
402	8681
402	6299
3871	6299
3505	6299
404	6299
3871	8681
3844	8681
3774	8681
3505	8681
1432	8681
1150	8681
779	8681
404	8681
3871	8858
3505	8858
779	8858
404	8858
3871	9124
3505	9124
1150	9124
724	9124
404	9124
4402	9432
3899	9432
3844	9432
3774	9432
3773	9432
2964	9432
2960	9432
2681	9432
2362	9432
2154	9432
1593	9432
1432	9432
1150	9432
779	9432
778	9432
404	9432
7344	12981
3844	12981
3774	12981
1432	12981
1150	12981
779	12981
404	12981
404	11352
767	9318
767	7741
767	7645
2058	7645
2058	7741
2058	9318
779	13138
3871	13138
4382	7238
3775	7238
3190	7238
2732	7238
2683	7238
2557	7238
4493	8755
4385	8755
4382	8755
4381	8755
4299	8755
3126	8755
3297	9554
2557	9554
2557	11594
1150	13044
1150	11122
1150	8994
1150	5587
3899	5587
3774	5587
2964	5587
2681	5587
4382	8994
4119	8994
3899	8994
3861	8994
3857	8994
3774	8994
3773	8994
3190	8994
2964	8994
2683	8994
2681	8994
2362	8994
2154	8994
1316	8244
1316	8172
2058	8172
2058	8244
2058	8240
1593	12693
1593	11397
1593	10103
1593	9877
1593	7280
1593	7191
3773	7191
2681	7191
2681	7280
3871	9877
2284	10265
2049	10265
2681	11397
4496	12693
1627	11987
1627	7946
1671	11969
1717	9759
3857	9759
1887	12809
1887	12782
1887	7941
1887	7460
4938	7941
4151	7941
3370	7941
3316	7941
3250	7941
4151	12782
3370	12782
3250	12782
4959	12809
3767	12809
1888	12953
1888	5093
4147	12953
4076	12953
3971	12953
3611	12953
3370	12953
2049	10252
2049	9952
1621	10265
1621	6116
2896	6116
2049	6116
3855	5593
11554	7344
2049	7344
1621	7344
2896	9230
3899	11168
2630	11168
205	9230
2058	12086
2058	10930
2058	10572
2058	8354
2058	5872
2368	13065
2368	10678
2368	7683
4081	13065
6215	12184
12837	12184
2620	12165
2620	8228
2683	11292
2683	9276
4382	9276
3858	9276
3190	9276
4382	11292
3190	11292
2721	10720
2721	10236
4385	10236
2732	6400
2732	6362
4397	11676
2960	12744
2960	11158
2960	9212
4034	12744
2961	10796
2964	10318
3118	9194
4383	9194
3863	9194
3857	9194
3852	9194
3250	12237
3250	9684
4144	9684
4076	9684
4012	9684
3370	9684
3971	12237
3611	12237
3297	11688
3297	9904
3316	11758
3316	10935
3370	12837
3370	12253
3370	12234
3370	12168
3370	8471
3370	7885
3370	7775
3370	6209
3370	6130
3370	5620
3370	5134
3584	5134
3584	6130
4146	6209
4144	7775
4076	7775
4012	7775
3584	7775
4146	8471
4146	12168
4144	12168
4076	12168
4012	12168
3971	12168
3568	12168
4149	12234
4076	12234
4012	12234
3971	12234
4804	12253
4800	12253
4146	12253
12837	4707
12837	6215
4146	12837
3971	12837
3638	11354
3776	11354
3774	11354
3773	8053
3774	10632
3899	10632
3852	8688
3855	12723
3855	7464
3855	6613
3863	6613
3863	12723
3857	12592
4119	12592
3861	12592
3858	12202
3858	11678
3858	11423
3858	9215
3858	8927
3858	5335
3858	5286
3863	12482
3863	12164
3863	11818
3863	11733
3863	10787
3863	10568
3863	10166
3863	9575
3863	8772
3863	6838
3863	6768
3863	5662
3863	5295
3863	5178
4012	12625
4012	5617
4144	5617
4034	8111
4034	5420
4081	9431
4081	7647
4119	6390
4122	12839
4122	12824
4381	12824
4381	12839
4144	10247
4147	11530
4299	6674
4382	6674
4382	11940
4383	12823
4402	6914
4493	11253
2896	12698
2896	11927
2896	11676
2896	10898
2896	9442
11387	1349
6215	11387
4048	11387
4397	11387
2687	11546
2687	11091
2687	10774
2687	10405
2687	10173
2687	8170
2687	8131
2687	6824
2687	5238
4758	5238
4739	5238
4527	5238
4416	5238
4205	5238
4048	5238
3957	5238
3956	5238
3535	5238
4739	6824
3956	6824
3535	6824
4739	8170
4205	8170
4048	8170
3957	8170
3956	8170
3535	8170
4205	10173
3957	10173
3956	10173
4739	10405
3956	10405
3535	10405
4739	10774
4205	10774
3957	10774
3956	10774
3535	10774
4739	11091
3956	11091
3535	11091
4739	11546
4623	11546
3957	11546
3956	11546
3535	11546
4397	11927
3049	11927
3049	10153
3402	11105
4878	11105
4205	11105
4048	11105
3957	11105
3535	11105
3535	13100
3535	12905
3535	12368
3535	12249
3535	12061
3535	11707
3535	11554
3535	11211
3535	11155
3535	10959
3535	10366
3535	10098
3535	8146
3535	5292
3535	5239
3535	5207
3535	5195
3535	5194
3535	5114
3957	5195
3956	5195
4416	5207
4205	5207
4048	5207
3957	5207
4623	5239
4758	5292
4739	5292
4527	5292
4048	5292
3957	5292
3956	5292
4048	8146
3956	8146
4048	10098
4205	10959
4048	10959
3957	10959
4758	11155
4205	11155
4048	11155
3957	11155
4048	11211
4758	11554
4739	11554
4205	11554
4048	11554
3957	11554
3956	11554
4048	11707
4205	12061
4048	12061
3957	12061
3956	12061
4205	12249
4048	12249
3957	12249
4758	12368
4205	12368
4048	12368
3957	12368
3956	12368
4758	12905
4739	12905
4205	12905
4758	13100
3957	13100
3956	13100
4870	8413
4870	9659
4870	10562
4916	11845
4870	11845
4416	11845
4204	11845
3956	13121
3956	13018
3956	12508
3956	12474
3956	12214
3956	12181
3956	11891
3956	10255
3956	10002
3956	9932
3956	9869
3956	9841
3956	5241
3956	5133
4758	5241
4739	5241
4527	5241
4205	5241
3957	5241
4416	9841
4758	9932
4739	9932
4527	9932
3957	9932
4922	10255
4048	10255
4205	12181
4048	12181
4205	12474
4205	13018
4048	13018
3957	12752
3957	12163
3957	12077
3957	11984
3957	11983
3957	11337
3957	10665
3957	10616
3957	9991
3957	9648
3957	5213
3957	5136
4758	5136
4739	5136
4527	5136
4205	5213
4205	9648
4758	9991
4739	9991
4527	9991
4205	10665
4205	11337
11983	5260
4758	11983
4739	11983
4527	11983
4205	11983
4048	11983
4758	11984
4739	11984
4527	11984
4205	11984
4048	11984
4739	12077
4205	12077
4416	12163
4205	12163
4205	12752
4048	12709
4048	11769
4048	11428
4048	9700
4527	9700
4205	9700
4205	11769
4205	12709
4916	11626
4870	11626
4416	11626
4204	11626
4916	9599
4870	9599
4416	9599
4870	9600
4416	9600
4916	11326
4870	11326
4416	11326
4916	12530
4870	12530
4416	12530
4870	12921
4205	12935
4205	11998
4397	12370
4397	6991
4416	12970
4416	12951
4416	11732
4416	11078
4416	10917
4416	10375
4416	9526
4416	8361
4416	6984
4416	5278
4916	5278
4870	5278
4870	6984
4870	8361
4916	9526
4870	9526
4870	10375
4916	10917
4870	10917
4916	11078
4870	11078
4916	11732
4870	11732
4916	12951
4870	12951
4870	12970
4739	12994
4739	12499
4739	12309
4739	12308
4739	12289
4739	12271
4739	10978
4739	10802
4739	10342
4739	9949
4739	9736
4739	9459
4739	8434
4739	8161
4739	7004
4739	7002
4739	5738
4739	5255
4915	5255
4758	12410
4758	11012
4758	9165
4870	12092
4922	11931
72	13008
72	12430
72	7266
72	6724
72	6555
72	6216
84	6216
81	6216
1582	6555
84	6555
81	6555
374	6724
1582	7266
84	7266
81	7266
374	12598
374	12095
374	11976
374	11209
374	8830
374	7972
374	7669
374	6255
3747	6255
3747	7669
2308	7972
418	6426
2308	6426
594	6976
2308	6976
825	9636
825	9172
2308	9172
2308	11560
2308	10107
3747	12725
3893	12725
3893	11624
78	13067
78	10630
78	8914
78	8513
78	8123
78	6199
78	6131
78	5943
4249	5943
3025	5943
2319	5943
1273	5943
1258	5943
1033	5943
723	5943
4249	6131
2319	6131
1258	6131
1033	6131
532	6131
2872	8123
2319	8123
1788	8123
1324	8123
1273	8123
1258	8123
1033	8123
532	8123
322	8123
2319	8914
1258	8914
2319	10630
1258	10630
2319	13067
1258	13067
322	13213
322	13194
322	12900
322	10639
322	10163
322	9795
322	9763
322	9062
322	8322
2872	8322
2319	8322
1788	8322
1324	8322
1273	8322
532	8322
2872	9062
2319	9062
1788	9062
1324	9062
1273	9062
1113	9062
532	9062
2872	9763
2319	9763
1788	9763
1452	9763
1324	9763
1273	9763
532	9763
2872	10163
2319	10163
1788	10163
1324	10163
1273	10163
532	10163
2872	10639
2319	10639
1788	10639
1324	10639
1273	10639
532	10639
2872	13194
2319	13194
1788	13194
1324	13194
1273	13194
532	13194
2872	13213
2319	13213
1788	13213
1324	13213
1273	13213
1033	13213
532	13213
332	11806
332	7974
3025	7974
2953	7974
2430	7974
354	7974
2455	11806
595	11806
536	11806
354	9233
354	8018
3025	8018
2953	8018
2430	8018
3025	9233
2953	9233
2430	9233
471	11667
471	10181
471	9017
471	7236
471	6084
532	7236
532	9017
532	10181
532	11667
532	11283
532	10989
532	10446
532	10426
532	6513
532	5817
2447	5817
1747	5817
1033	5817
3696	10446
3695	10446
2393	10446
1033	10446
4249	10989
1033	10989
1033	11283
536	11502
536	5767
595	9413
595	8647
595	8646
595	8025
4259	6063
723	9969
723	9002
1273	9002
1273	9969
1033	10514
1033	8682
1033	7887
1033	7346
1033	6612
1033	6576
1033	6039
1033	5962
3022	5962
1058	6576
1646	6612
1273	7346
1646	8682
1646	10514
1113	9435
1113	5808
1113	5135
1562	13148
1562	11318
1562	10543
1562	9502
1562	6630
4249	9502
3025	9502
1788	12502
1788	10581
2977	10581
2577	5767
2393	13212
2393	9580
2393	9237
2393	8463
2393	8020
2748	8463
3025	13178
3025	9269
4249	9269
4249	13178
3835	10871
3835	7140
4260	7140
4260	10871
4259	10871
4249	12941
4249	11375
4249	6805
4249	6789
4259	11933
4259	11700
4259	11699
4259	6061
4259	5989
4259	5977
4260	5037
102	12853
102	12614
102	10866
102	10251
102	10094
102	10051
102	10018
102	10006
102	7743
102	6967
920	6967
920	7743
2185	10006
2185	10051
2185	10251
1872	10251
416	10251
920	10866
2185	12614
2911	12853
2185	12853
314	10696
314	9653
314	9370
314	8978
3609	8978
3303	8978
3609	9370
3303	9370
3609	9653
3303	9653
3609	10696
3303	10696
416	11997
416	11968
416	11964
416	10838
416	9708
416	7901
416	7161
1872	7161
1872	7901
1872	9708
1872	10838
1872	11964
1872	11968
1872	11997
920	11388
920	11262
1000	11361
1000	9192
1000	8133
1000	8016
1000	8015
1000	6988
1000	5205
2654	6988
4177	8016
1779	11759
2911	11759
2185	12225
2623	13219
2623	13160
2623	11588
2623	10519
2623	5090
12225	13219
4487	13219
2273	8777
2911	11233
2911	10347
2911	9836
2911	9734
2911	9667
3303	9317
3303	6181
4787	6181
3609	6181
4787	9317
3590	10615
3590	10527
4715	10527
3609	10413
3609	7038
4787	7038
4228	12225
4228	11695
4228	10370
4228	8273
4228	8176
12225	4787
4487	13037
4487	12295
4487	10231
4487	9119
4487	8844
4487	8432
4487	5234
4487	5165
4487	5120
4487	5086
4715	5120
4715	9119
2273	9273
2273	7282
3894	5206
1768	5206
1782	12860
1782	12677
1782	12228
1782	11904
1782	11743
1782	8336
1782	7776
1782	6394
4858	12228
4732	12228
4858	8526
4732	8526
2630	8526
2630	12414
2630	10944
2630	7262
2008	13046
2008	11168
2008	10109
2008	9158
2008	8526
2008	8075
2008	7530
2008	6418
2008	5593
4732	10883
4732	8926
4732	5341
4858	5341
4858	8926
4858	10883
111	10224
111	9856
111	5908
3024	5908
2264	5908
1864	5908
1349	5908
1177	9856
469	12968
469	12867
469	12551
469	11808
469	11404
469	10579
469	10301
469	9948
469	9417
469	6821
469	6409
3895	10579
582	7127
582	6469
4003	6469
3285	6469
2999	7127
2962	7127
583	13136
583	12483
583	11060
583	10063
2705	11060
1349	11060
2705	12483
1349	12483
2705	13136
1349	13136
1026	13136
600	12437
600	10202
600	7123
3781	7123
1007	7123
3781	12437
1007	12437
713	12536
713	11768
713	6694
713	6160
1007	11768
1124	5974
1349	12518
1349	12473
1349	11528
1349	9992
1349	8027
1349	7949
1349	7590
1349	7171
1349	6022
9474	1349
2264	6022
2999	7171
2962	7171
2264	7590
2264	7949
2264	8027
4916	11528
2264	12473
2264	12518
1864	9529
10901	12207
4926	12207
4837	12207
3769	12207
2023	12207
2020	12382
2020	11338
2020	7261
4603	7261
4334	7261
4011	7261
3793	7261
3769	7261
4334	11338
3793	11338
4334	12382
3793	12382
2023	12446
2023	12179
2023	11541
2023	11137
2023	9592
2023	5694
4926	9592
4837	9592
4243	9592
4011	9592
3788	9592
3769	9592
3588	9592
3441	9592
4243	11137
3588	11137
3441	11137
4243	12446
3588	12446
3441	12446
3327	12446
4916	12457
4870	12457
4416	12457
4204	12457
3563	10402
3024	10076
3024	6191
3781	10202
3563	10202
2049	10202
1621	10202
1506	10202
3563	6825
2049	6825
4204	12921
4204	12530
4204	11326
4204	11227
4204	9600
4204	9599
3769	12830
3769	10679
3788	8071
3895	12488
3895	10667
3895	9990
3895	9474
3895	6665
4118	9474
4003	10865
4003	7064
5281	4003
4011	12806
3563	5974
2146	5974
1506	5974
4837	11580
4837	5695
4915	9556
4915	8833
4915	5281
4915	5254
4915	5245
4740	10756
1402	6825
3925	10547
3925	5160
4065	11750
1506	10611
1506	10488
1506	7344
1506	6002
1506	5803
4916	10547
4870	10547
4740	10547
4416	10547
4204	10547
3819	12457
3819	11845
3819	11626
3819	10562
3819	9659
3819	8413
2034	11092
2034	10402
4916	11750
4870	11750
4416	11750
144	11756
144	7243
1981	7243
156	13050
156	12460
156	12024
156	11504
156	11141
156	10902
156	8417
156	7553
2668	7553
2668	8417
2668	10902
1981	10902
2734	11141
2734	11504
2985	12024
2734	12024
2668	12024
2668	12460
667	12460
2734	13050
667	10167
667	9896
667	8528
667	8266
667	6416
667	6063
1981	10167
843	9498
843	7869
2977	7869
2748	7869
2668	7869
2577	7869
1981	12576
1981	9650
1981	9637
1981	7008
1981	5829
1981	5769
2577	9973
2668	10576
2668	8748
2668	8043
2668	5990
2668	5904
2668	5792
2748	8748
10576	2977
3392	10576
2734	10742
2748	11456
2748	5510
158	13259
158	13154
158	11680
158	11516
158	9249
158	9239
158	9117
158	7718
158	7717
158	7713
158	7686
158	7684
158	7659
158	7491
158	7284
158	7068
4675	7068
2920	7068
4675	7491
3425	7491
2920	7491
2912	7491
899	7491
2920	7659
2920	7684
2919	7684
2920	7686
4675	7717
2920	7717
3425	9117
2920	9117
3425	9239
2920	11516
2920	11680
4675	13154
2920	13154
272	7762
272	7761
272	7750
953	7750
7762	4787
4675	7762
338	13042
338	12511
338	9624
2920	12511
658	11952
658	9006
658	7668
2920	7668
2661	7668
2046	7668
2920	9006
2661	9006
2920	11952
2661	11952
953	12627
953	10304
953	10113
1186	10113
1514	10304
1186	10304
4948	12627
2483	12627
1186	12627
1186	11590
1186	9133
1186	8947
1514	13179
1514	11938
1514	11824
1514	11446
1514	11315
1514	11086
1514	9977
1514	7223
1514	7122
1514	6055
1514	5980
4787	7367
2046	9691
2046	9524
2046	7281
2920	7281
2661	7281
2920	9524
2661	9524
2920	9691
2661	9691
2105	13028
2105	12255
2105	11104
2105	9998
2105	9859
2105	7687
2105	7682
2925	7682
3425	9859
3425	9998
3425	11104
3425	12255
3425	13028
2290	10191
2290	9831
2290	9354
2290	9308
2290	7905
2290	7477
2290	7476
4675	7477
2920	10191
2483	8586
2483	8475
2483	7293
2483	6466
4948	7293
2912	13245
2919	9171
3431	9171
2920	12037
2920	10009
2920	9527
2920	9309
2920	8962
2920	7896
2920	7858
2920	7855
2920	7300
2920	6923
2920	6921
4675	6921
3042	6921
3425	7896
4675	9527
3047	12565
3425	12565
3301	8769
3301	7920
3425	8769
3425	13082
3425	12060
3425	11681
3425	11673
3425	10927
3425	10855
3425	10778
3425	10739
3425	10710
3425	10700
3425	9095
3425	8921
3425	8625
3425	8619
3425	7977
3425	7766
3425	7764
3425	7738
3425	7726
3425	7057
3425	6029
3425	6023
4675	11641
4675	10986
4675	7710
4675	7692
238	13128
238	12978
238	12580
238	12144
238	12000
238	11686
238	11089
238	9797
238	9357
238	9315
238	9144
238	8805
238	8701
238	7955
238	7875
238	7784
238	6411
238	6366
1298	6366
1807	6411
1298	12144
13128	11026
13128	5121
12837	13128
3450	13128
10099	13128
13101	13128
1338	13128
1298	13128
496	10099
496	6707
496	5376
2112	10099
554	12157
1338	12157
1075	6572
1338	6572
1296	13161
1296	12336
1296	12064
1296	11026
1296	9649
1296	8443
1296	5698
1296	5024
3850	5024
3850	8443
12207	11026
4938	11026
3850	11026
4482	12336
4353	12336
1298	8672
1298	8278
1298	7794
1298	6451
1338	12638
1338	11159
1338	10546
1338	6673
1886	12207
1886	12103
1886	11328
1886	8011
6215	1886
11659	1886
3318	8011
4599	12103
11659	10901
11659	3482
1910	11659
2146	9952
2832	10103
2831	9606
2324	10252
2162	10252
2146	10252
1978	11467
1978	7185
2832	7185
2112	7677
2526	13047
2526	12710
2526	12550
2526	11304
2526	11107
2526	7125
2526	6803
2526	5540
3450	5540
3450	6803
3450	11107
3450	11304
3373	11304
3450	12550
3450	12710
3450	13047
2532	10069
4795	10069
3701	10069
2832	11924
2832	10703
2832	9942
2832	8256
2832	7255
2832	7215
3318	12803
3318	5502
3373	13151
3373	12956
3373	7175
3450	7175
4772	12956
3450	13151
3450	12322
1995	9606
3701	5755
3701	5745
3701	5732
3701	5729
3701	5705
3701	5704
4938	5732
3794	12833
3794	5121
4542	5121
4125	5121
6215	12833
4563	12833
4125	12833
4353	10470
4353	10335
4353	5702
4482	5702
4482	10335
4482	10470
4482	12874
4542	9796
4563	9139
4599	12789
4599	12192
4599	7536
4599	7524
4599	7480
4599	7472
4599	7462
4599	6207
4599	5776
4599	5753
4949	7536
4705	13101
4705	11995
4705	10390
4705	6737
4938	12700
4938	8566
4938	7809
4938	6215
4949	10295
4949	7423
4118	11327
4118	7592
4118	6390
4118	11179
3299	11179
3299	8622
3563	11092
2324	11092
2162	11092
2146	11092
2049	11092
9336	3482
3899	9336
3844	9336
3774	9336
3773	9336
2964	9336
2831	9336
2681	9336
2154	9336
1995	9336
1593	9336
1432	9336
1150	9336
779	9336
724	9336
404	9336
2229	9142
2229	5384
2229	8562
2229	10119
2229	6114
8706	11933
3522	8706
2229	8706
1033	8706
1747	12832
1747	11890
1747	8534
871	9142
871	9026
871	8706
871	8562
871	5384
1747	11682
2342	10716
2342	8673
2342	5430
2342	9026
2229	9026
284	11757
284	11481
284	10793
284	10746
284	9471
284	8689
284	8642
284	8517
284	8492
284	8409
284	7525
284	7355
284	6464
284	6456
284	6329
284	5312
284	5275
284	5099
284	5098
2523	5099
4293	6329
3737	6329
3123	6329
4293	7355
3737	7355
4293	7525
3737	7525
4293	8492
3737	8492
3298	8492
2189	8492
3123	9471
4293	10793
3737	10793
11481	7661
766	10214
3123	10214
855	10378
855	7882
855	7803
855	5395
4894	7803
2466	7803
1714	7803
967	12578
967	9292
967	9047
967	8963
967	7990
967	7924
967	7911
967	7906
967	7870
4977	8963
1157	10595
1157	5068
2371	5068
1714	5068
1290	12129
1290	11745
1290	11579
1290	10523
1290	9608
1290	6887
4694	11745
1714	10282
1714	7072
4894	7072
2371	7072
2189	13027
2222	8796
4817	8796
3332	8796
2247	11335
2247	10870
2247	5375
2371	5375
2371	10870
2371	11335
2371	12575
2371	12372
2371	9008
2466	9722
2523	12441
2523	12390
2523	5709
2523	5311
3123	11316
3123	8599
3123	8516
3123	6480
3298	10311
3298	6406
3322	12788
3322	12730
3322	12425
3322	11106
3322	10752
3322	8143
4339	8143
4817	10752
4813	10752
4694	10752
4817	11106
4813	11106
4694	11106
4817	12425
4813	12425
4694	12425
4817	12730
4813	12730
4694	12730
4817	12788
4813	12788
4694	12788
3792	12788
3848	11643
3848	11458
3848	8150
3848	6460
3848	6449
3848	6433
3848	6432
3848	6424
3848	6417
3848	6398
4694	6460
4339	13236
4694	10784
4694	10276
4694	9651
4977	11239
4977	10483
4977	9710
4977	7523
4977	7510
4977	7509
4977	7467
297	12115
297	11383
297	11382
297	10435
297	9024
297	8782
297	8564
297	8453
297	7259
297	6973
297	6970
297	6869
297	6808
297	6738
4359	6738
4620	6808
4359	6808
2775	6973
7259	7034
7259	1959
7259	1198
4359	7259
3352	7259
2775	7259
4359	8453
3352	8453
2452	10435
4359	12115
7034	7034
1768	7034
1267	11116
1267	13222
1267	9566
1267	7424
2452	11260
2452	8522
2452	6845
4359	8522
2775	8522
4359	11260
2775	12232
2775	8990
2775	8763
2775	7706
2775	5885
4359	6845
4359	8763
4620	8564
4359	8564
3045	8564
2281	8564
4359	12232
4359	7706
4359	11382
3352	11382
2775	11382
2452	11382
1630	11382
4359	12257
4359	12070
4359	11708
4359	11483
4359	10837
4359	9256
4359	9153
4359	7347
4359	7335
4359	7135
4359	6863
4359	6814
7267	7267
7267	7267
7267	7267
4359	7267
3352	7267
2452	7267
3352	7917
3352	7671
938	7267
1630	8782
4359	7671
4359	8164
2775	8164
1630	8164
297	8164
2775	10908
2775	12170
4359	11970
3352	11970
4359	9347
4359	10695
49	10695
49	9785
49	8164
1660	12471
1660	12170
1660	11426
1660	10908
1660	7349
1660	6829
2281	11970
2281	9347
2281	8957
2281	6829
4359	9785
2781	9785
3352	10281
2281	10281
2411	11222
1660	11222
801	11116
801	10800
801	7336
801	7250
801	7237
801	7232
801	7220
801	7034
1192	11222
310	10332
310	9744
310	9561
310	8503
9561	1074
2965	9561
3385	9744
668	12045
3077	12045
726	12738
726	9729
726	8742
726	7641
2965	7641
756	13102
3391	13102
3385	13102
1336	13102
882	9349
4730	9349
1004	12586
12586	12794
2927	12586
1074	12586
1074	12520
1074	6051
1336	9612
1336	5111
1336	5048
1628	12883
1628	12470
4502	12470
1739	12712
1739	10737
1739	9081
1739	8676
1739	8298
1739	7324
1739	7240
1739	6975
2667	6975
2667	7240
2667	8676
2927	9081
2667	10737
2667	12712
2582	6000
4730	6000
4502	6000
2603	13004
2603	10660
2603	7593
2603	7559
2603	7547
2603	5263
2965	10660
2752	6516
3733	6516
3079	6516
3077	6516
2927	13120
2927	12761
2927	7729
2927	7585
2927	6562
3733	7729
3733	13120
3079	13120
2928	7131
3079	7131
2965	10061
2965	8024
2965	7695
2965	7637
2965	7579
2965	7556
2965	7534
3077	12273
3077	10969
3077	10949
3077	10601
3077	6705
3077	5949
3077	5294
4029	12273
3733	11975
3733	8412
3733	8330
3733	7732
3733	7309
3733	6383
4502	7759
4502	7207
4730	12794
4730	10913
4730	7331
4730	5646
4730	5600
3385	8673
13133	11933
13133	3385
10446	13133
4502	13133
4029	13133
3733	13133
3077	13133
1747	13133
277	13133
277	11682
327	11480
327	10080
327	9567
327	9405
3366	9405
2541	9405
2540	9405
437	9405
337	11991
337	8340
337	5243
3617	5243
3366	5243
1972	5243
1732	5243
1597	5243
3366	11991
422	5175
422	5155
422	5151
3366	5155
2870	5155
437	12406
2541	12406
2540	12406
808	10169
808	8302
808	7673
3366	7673
2272	7673
1732	7673
4501	8302
2870	8302
2272	8302
2272	10169
1021	11853
1021	10374
1021	10204
1021	9878
1021	9623
1021	8076
1021	7961
1021	7948
1021	7928
1021	7925
3424	11853
1120	11883
1120	8843
1120	8841
1120	8840
1120	8633
1120	8580
1120	8575
1120	8339
1120	8327
1120	8312
1120	5233
2541	8327
3366	8840
3343	8840
2092	8840
1443	12503
2870	12503
1597	10101
1597	7022
1597	6183
1705	11173
1705	10139
2870	10139
2870	11173
1732	12804
1732	5895
3617	5895
3366	5895
2092	5895
3366	12804
3366	13198
2870	13198
1972	11980
1972	8549
2092	12262
2092	8567
2092	7865
2092	7080
2092	5125
3366	7080
3617	7865
3366	12262
2870	12262
2242	9429
2242	5108
3617	5108
2266	12745
2266	9475
2266	9371
2266	5267
3617	9475
2386	13022
2386	12542
2386	12316
2386	11242
2386	10880
2386	10842
2386	10466
2386	9552
2386	8455
2386	6033
2386	5644
3798	5644
4216	6033
3798	8455
3798	9552
3798	10466
4216	10842
3343	10842
4216	10880
4216	11242
3798	12316
4216	12542
3798	12542
3798	13022
2540	6490
2540	5596
2541	8331
2541	6128
2870	13182
2870	12072
2870	11850
2870	11045
2870	10858
2870	10440
2870	10321
2870	9072
2870	8933
2870	8554
2870	8440
2870	8329
2870	6938
2870	5308
2870	5298
3366	5298
3366	5308
3617	8933
3366	12072
3343	11437
3343	10931
3343	6485
3424	6485
3366	11342
3366	9627
3366	9177
3366	8839
3366	8750
3366	8431
3366	8430
3366	8428
3366	8323
3617	8430
3424	12383
3424	10544
3424	8924
3424	8435
3424	7209
3617	11810
3617	11631
3617	11371
3617	11370
3617	11275
3617	11264
3617	10712
3617	9727
3617	8557
3617	8460
3617	8310
3617	8191
3617	7863
3617	7851
3617	6671
3617	5107
1120	8561
406	13034
406	12617
406	12350
406	12332
406	9274
406	8946
406	8777
406	8704
406	7772
406	7380
406	7283
406	7269
1768	13074
1768	10844
1768	9756
1768	5973
1768	5176
2366	5176
2366	9756
474	12030
474	11098
474	10498
474	9993
474	9582
474	6338
474	6066
3696	9582
3996	10498
507	10454
507	9436
507	6631
3878	6631
3878	9436
3878	10454
2937	10454
945	12780
945	12124
945	12114
945	11501
945	10272
945	10064
945	10050
945	9965
945	9209
945	9116
945	7481
945	7228
945	6677
945	6622
945	5887
1853	5887
1853	7228
1853	7481
1853	9209
3695	11501
3694	11501
1853	11501
1853	12780
1035	10422
1035	9891
1035	9476
1035	8747
3696	9476
3695	9891
2937	12345
2937	8972
4470	8972
3695	12345
3695	8505
4587	8505
3996	11923
3996	10879
4470	8907
4470	5622
3696	9804
3696	6452
574	8558
574	8469
3072	8469
968	8469
968	13149
968	12367
968	12066
968	11646
968	10575
968	10450
968	8561
968	8439
968	5177
968	5102
3692	8439
3072	10450
1511	10575
2842	12066
2842	12690
2842	11019
2842	10066
2842	5261
2842	5249
2842	5237
2842	5168
2842	5085
891	10270
3713	10270
2165	10270
2277	12566
2277	11838
2277	11664
2277	10777
2277	6695
2277	6175
2277	6145
2277	6143
2277	6117
2277	6105
2277	6071
6105	4787
2349	6105
2349	12768
2349	12541
2349	11102
2349	9477
2349	6711
2349	6222
2349	6095
2349	6043
2349	5931
2659	12002
2659	9934
2659	9460
2659	7815
2659	7415
3713	7815
3706	7815
3713	12002
2761	10729
2761	7864
4788	10729
4785	10729
3710	10729
3577	10729
3577	11307
3577	8774
4785	8774
3710	8774
4785	11307
3710	11307
3704	11307
4785	12201
4785	8574
4788	11449
4788	10968
4788	10461
4788	10460
4788	10140
4788	9453
4788	8784
4788	8356
4788	7806
4788	6321
4788	6320
4903	9453
4903	12062
4903	5146
2586	6060
2277	6060
910	8868
910	6060
2277	7380
2277	12617
8170	10901
6105	10901
4785	10901
1109	11594
1109	11044
1109	9554
1109	9333
1109	8755
1109	8444
1109	7238
4860	7611
4860	11859
1470	8240
1470	12950
2556	8935
1470	8935
915	12950
915	8935
915	6907
2556	12149
2556	10045
4609	6907
1470	6907
4609	12864
4518	12864
1724	7611
1166	10585
1166	9926
1166	8087
1166	7569
4544	8087
3613	8087
3439	8087
1910	8087
1898	8087
4600	7773
3613	7773
3596	7773
3355	7773
1910	7773
3613	8086
3439	8086
1910	8086
2663	10722
2178	12464
2178	11711
2178	10973
2178	10820
2652	10820
3703	10973
2652	10973
4078	11711
2652	11711
2231	11711
3718	12464
2652	12464
2231	13092
2231	13058
2231	12872
2231	11744
2231	11364
2231	11127
2231	7666
4078	7666
4078	11127
4078	11364
4078	11744
4078	12872
4078	13058
4077	13058
4078	13092
2652	10327
2652	6868
10840	2652
2663	12944
2663	12589
2663	12274
2663	11971
2663	11960
2663	11946
2663	11518
2663	11007
2663	10840
2663	10648
2663	10598
2663	9329
2663	9286
2663	7390
2663	6684
4614	7390
4078	10598
4614	10648
4614	11007
4614	12274
12589	3703
2709	11057
2709	7571
3439	11057
3317	7797
4544	7797
3613	7797
3355	9148
3439	11110
3439	11027
3439	9646
3439	8983
3439	8634
4544	11027
3613	11027
3613	12190
3613	11363
4544	12190
3703	4614
3718	12246
3718	10271
3718	9910
3718	9889
4614	9910
4077	9705
4078	12996
4078	11736
4078	10269
4078	7848
4078	7788
4078	7740
4600	12287
4600	11294
4600	5770
4614	10910
4614	7061
1910	11434
1910	11424
1910	9025
1910	7909
1910	7721
2165	10901
2165	10722
2165	9450
2165	7291
1898	11659
1898	8086
1898	7773
1312	11932
1312	10567
1312	9665
1312	6003
1312	5982
4844	5982
4725	5982
4089	5982
4042	5982
3602	5982
3482	5982
3360	5982
3197	5982
3188	5982
4725	6003
4089	6003
3602	6003
3482	6003
3188	6003
4725	10567
4089	10567
3602	10567
3482	10567
3188	10567
4725	11932
4089	11932
4042	11932
3602	11932
3482	11932
3360	11932
3197	11932
3188	11932
1930	9003
1930	8318
1930	6925
1930	6167
1930	5999
1930	5993
1930	5992
1930	5968
1930	5951
12291	6167
2125	6167
2125	9010
2125	8342
2125	6475
2125	6468
2125	6103
12291	2668
2602	11544
2602	11406
2602	6595
2602	5627
11895	2602
4089	6595
2622	8082
3751	8082
3188	11696
3188	10240
3188	9240
3188	8874
3188	7850
4490	8874
4089	8874
3751	8874
3197	8874
4490	11696
4089	11696
3751	11696
3197	11696
3197	12379
3197	12102
3197	11206
3197	11114
3197	11088
3197	11073
3197	10735
3197	8999
3197	8610
3197	5970
4042	5970
3360	5970
4042	8610
3360	8610
4090	8999
4042	8999
3360	8999
4844	10735
4042	11088
3360	11088
4042	11206
3360	11206
4844	12102
3392	12102
3358	12102
4490	12379
4089	12379
4078	12379
3482	12379
3392	12379
3358	12818
3392	12818
3360	10088
3392	11957
3392	11925
3392	11846
3392	9808
3392	8817
3392	7264
4089	7264
4490	8817
4089	8817
3482	8817
4725	9808
3482	9808
4089	11846
4725	11925
4490	11925
4089	11925
3482	11925
4725	11957
4490	11957
4089	11957
3482	11957
3751	8109
4042	8215
4089	12650
4089	9514
4089	8745
4089	6902
4089	6035
4089	5670
4725	5670
4725	6902
4090	12769
4090	12521
4090	11895
4090	11074
4090	10478
4490	12658
4725	12682
4725	8484
4844	11542
4844	10852
4844	7149
2180	10409
2581	10409
2581	7395
2051	7395
2051	7314
2051	7276
2581	7314
2581	7276
2581	12321
2581	12291
2581	12184
2581	8660
2581	8250
2581	5806
1441	9482
1441	8229
1441	7942
1441	7771
1441	7768
3051	7768
3051	7771
3051	7942
1844	7942
3051	8229
3051	9482
1844	9482
1844	13198
1844	12362
1844	12148
1844	11125
1844	7367
1844	6943